
1737.8667  778.26666            
1836.8818  778.23334            
1935.8836  778.53333            
2034.8721  777.73334            
2133.8474  778.03333            
2232.8093  778.33331            
2331.758  778.53333            
2430.6935  778.03333            
2529.6156  778.56665            
2628.5245  778.33331            
2727.4201  778.63336            
2826.3024  777.86664            
2925.1715  778.40002            
3024.0273  777.76666            
3122.8698  778.03333            
3221.6991  778.43335            
3320.5151  778.43335            
3419.3178  777.93335            
3518.1073  778.33331            
3616.8835  778.29999            
3715.6465  777.93335            
3814.3962  778.13336            
3913.1327  778.40002            
4011.8559  778.26666            
4110.5659  778.29999            
4209.2626  778.20001            
4307.9461  778.26666            
4406.6163  777.70001            
4505.2733  778.40002            
4603.917  778.26666            
4702.5475  778.43335            
4801.1648  778.23334            
4899.7688  778.5            
4998.3596  778.06665            
5096.9372  778.03333            
5195.5015  778.20001            
5294.0526  777.96667            
5392.5904  778.26666            
5491.1151  778.40002            
5589.6265  778.36664            
5688.1247  778.06665            
5786.6096  778.5            
5885.0814  778.29999            
5983.5399  777.90002            
6081.9852  777.96667            
6180.4173  777.93335            
6278.8361  778.40002            
6377.2418  778.09998            
6475.6342  778.29999            
6574.0134  778.03333            
6672.3794  778.13336            
6770.7322  778.40002            
6869.0718  778.09998            
6967.3982  778.36664            
7065.7114  778.23334            
7164.0114  778.29999            
7262.2982  778.33331            
7360.5718  777.86664            
7458.8322  778.40002            
7557.0794  778.40002            
7655.3134  778.03333            
7753.5342  778.13336            
7851.7418  778.06665            
7949.9362  778.23334            
8048.1175  778.09998            
8146.2855  777.76666            
8244.4404  778.5            
8342.5821  778.46667            
8440.7105  778.26666            
8538.8259  778.09998            
8636.928  778.29999            
8735.017  778.43335            
8833.0927  778.16669            
8931.1553  778.53333            
9029.2048  778.5            
9127.241  778.43335            
9225.2641  778.33331            
9323.2741  778.13336            
9421.2708  778.09998            
9519.2544  778.33331            
9617.2248  778.29999            
9715.1821  778.56665            
9813.1262  778.29999            
9911.0571  778.76666            
10008.975  778.16669            
10106.88  778.56665            
10204.771  778.96667            
10302.649  779.13336            
10400.514  780.5            
10498.367  781.23334            
10596.205  781.06665            
10694.031  781.66669            
10791.844  781.5            
10889.643  781.46667            
10987.429  781.20001            
11085.203  781.36664            
11182.963  780.79999            
11280.709  781.23334            
11378.443  781.56665            
11476.164  781.29999            
11573.871  781.63336            
11671.565  782.13336            
11769.247  782.40002            
11866.915  782.53333            
11964.57  782.06665            
12062.211  783.29999            
12159.84  782.53333            
12257.456  782.46667            
12355.058  782.66669            
12452.647  782.96667            
12550.224  782.73334            
12647.787  782.86664            
12745.337  782.40002            
12842.874  782.06665            
12940.397  782.93335            
13037.908  782.63336            
13135.405  782.93335            
13232.89  782.63336            
13330.361  782.56665            
13427.819  782.56665            
13525.265  782.83331            
13622.696  783.26666            
13720.115  782.66669            
13817.521  782.59998            
13914.914  783.26666            
14012.293  782.66669            
14109.66  783.53333            
14207.013  783.59998            
14304.354  783.53333            
14401.681  782.66669            
14498.995  783.09998            
14596.296  783.09998            
14693.584  782.73334            
14790.859  782.86664            
14888.121  782.66669            
14985.37  782.59998            
15082.605  782.86664            
15179.828  783.20001            
15277.037  783.53333            
15374.234  782.83331            
15471.417  783.56665            
15568.587  783.93335            
15665.744  783.13336            
15762.889  783.26666            
15860.02  782.46667            
15957.138  782.56665            
16054.243  783.36664            
16151.334  783            
16248.413  783            
16345.479  782.46667            
16442.532  782.83331            
16539.571  782.90002            
16636.598  782.59998            
16733.611  783.13336            
16830.612  782.23334            
16927.599  782.70001            
17024.574  782.76666            
17121.535  783.20001            
17218.483  782.79999            
17315.418  783.06665            
17412.341  782.83331            
17509.25  783.06665            
17606.146  782.70001            
17703.029  782.29999            
17799.899  782.56665            
17896.756  782.46667            
17993.6  783.09998            
18090.431  782.76666            
18187.249  782.86664            
18284.054  783.06665            
18380.845  782.53333            
18477.624  782.73334            
18574.39  782.90002            
18671.143  783.13336            
18767.882  782.86664            
18864.609  783.09998            
18961.323  782.96667            
19058.023  782.5            
19154.711  782.90002            
19251.386  782.33331            
19348.047  782.53333            
19444.696  782.83331            
19541.332  782.86664            
19637.954  783.13336            
19734.564  782.73334            
19831.16  782.93335            
19927.744  782.46667            
20024.315  783.16669            
20120.872  782.36664            
20217.417  782.33331            
20313.948  782.59998            
20410.467  782.90002            
20506.972  782.66669            
20603.465  782.86664            
20699.945  783            
20796.411  782.86664            
20892.865  782.86664            
20989.305  782.96667            
21085.733  782.70001            
21182.148  783            
21278.549  783.36664            
21374.938  783.09998            
21471.314  783.26666            
21567.677  783.13336            
21664.026  783.23334            
21760.363  781.86664            
21856.687  782.73334            
21952.998  782.33331            
22049.296  782.73334            
22145.581  782.09998            
22241.852  782.59998            
22338.111  782.59998            
22434.357  782.53333            
22530.59  783.13336            
22626.81  783.09998            
22723.018  782.79999            
22819.212  782.76666            
22915.393  782.20001            
23011.561  782.83331            
23107.716  782.09998            
23203.859  782.53333            
23299.988  782.36664            
23396.105  782.5            
23492.208  782.76666            
23588.299  782.63336            
23684.376  782.59998            
23780.441  782.53333            
23876.492  782.70001            
23972.531  782.33331            
24068.557  783.16669            
24164.57  782.59998            
24260.57  782.56665            
24356.557  781.86664            
24452.531  782.43335            
24548.492  782.29999            
24644.44  782.43335            
24740.375  782.23334            
24836.298  782.56665            
24932.207  782.66669            
25028.104  782.20001            
25123.987  782.40002            
25219.858  782            
25315.716  782.40002            
25411.56  782.5            
25507.392  782.93335            
25603.211  782.5            
25699.017  782.26666            
25794.81  782.79999            
25890.591  782.86664            
25986.358  782.36664            
26082.112  782.56665            
26177.854  782.46667            
26273.582  782.83331            
26369.298  782.96667            
26465.001  782.70001            
26560.691  782.66669            
26656.368  782.56665            
26752.032  782.5            
26847.683  782.70001            
26943.321  782.56665            
27038.947  782.36664            
27134.559  783.06665            
27230.159  782.46667            
27325.746  782.83331            
27421.319  782.53333            
27516.88  782.40002            
27612.428  782.40002            
27707.964  783.09998            
27803.486  783.59998            
27898.995  782.79999            
27994.492  783.5            
28089.976  783.20001            
28185.446  783.26666            
28280.904  783.43335            
28376.349  783.73334            
28471.781  783.29999            
28567.201  783.56665            
28662.607  783.93335            
28758.001  783.79999            
28853.381  783.53333            
28948.749  783.5            
29044.104  783.63336            
29139.446  783.90002            
29234.776  783.26666            
29330.092  783.26666            
29425.396  783.13336            
29520.686  783.06665            
29615.964  783.29999            
29711.229  783.23334            
29806.481  783.40002            
29901.72  783.5            
29996.947  783.70001            
30092.16  783.36664            
30187.361  783.73334            
30282.549  783.43335            
30377.724  783.73334            
30472.886  784.83331            
30568.036  784.40002            
30663.172  784.53333            
30758.296  784.29999            
30853.407  784.90002            
30948.505  784.93335            
31043.59  785.33331            
31138.662  785.33331            
31233.722  786.06665            
31328.769  785.40002            
31423.802  785.46667            
31518.823  785.79999            
31613.832  785.96667            
31708.827  785.79999            
31803.81  785.79999            
31898.779  785.73334            
31993.736  785.20001            
32088.681  784.76666            
32183.612  785.29999            
32278.53  785.33331            
32373.436  784.90002            
32468.329  784.23334            
32563.209  784.56665            
32658.076  784.26666            
32752.931  784.16669            
32847.773  784.33331            
32942.601  783.46667            
33037.417  783.90002            
33132.221  783.79999            
33227.011  783.90002            
33321.789  784.13336            
33416.554  784.06665            
33511.306  783.5            
33606.045  783.26666            
33700.772  784            
33795.485  784.29999            
33890.186  783.56665            
33984.874  783.29999            
34079.55  783.70001            
34174.212  783.63336            
34268.862  783.70001            
34363.499  783.79999            
34458.123  784.09998            
34552.735  783.66669            
34647.334  783.46667            
34741.919  783.5            
34836.493  783.90002            
34931.053  783.5            
35025.601  784.03333            
35120.135  783.59998            
35214.657  784.36664            
35309.167  783.40002            
35403.663  783.70001            
35498.147  783.33331            
35592.618  783.73334            
35687.076  784.06665            
35781.522  784.26666            
35875.955  784.43335            
35970.375  785.23334            
36064.782  784.40002            
36159.176  784.79999            
36253.558  784.56665            
36347.927  784.93335            
36442.283  785.23334            
36536.627  784.63336            
36630.957  784.86664            
36725.275  785.03333            
36819.581  785.09998            
36913.873  785.16669            
37008.153  784.59998            
37102.42  785.36664            
37196.674  785.36664            
37290.916  785.59998            
37385.145  784.83331            
37479.361  785            
37573.564  785.16669            
37667.755  784.43335            
37761.933  784.56665            
37856.098  784.63336            
37950.25  784.13336            
38044.39  784.23334            
38138.517  784.36664            
38232.631  784.03333            
38326.733  783.53333            
38420.822  784.09998            
38514.898  783.59998            
38608.961  783.40002            
38703.012  783.36664            
38797.05  783.76666            
38891.075  784.03333            
38985.088  783.79999            
39079.088  783.76666            
39173.075  783.23334            
39267.05  783.26666            
39361.011  783.43335            
39454.96  783            
39548.897  783.5            
39642.821  783.09998            
39736.731  783.46667            
39830.63  783.26666            
39924.515  783.40002            
40018.388  783.43335            
40112.249  783.66669            
40206.096  783.16669            
40299.931  783.36664            
40393.753  783.20001            
40487.562  783.66669            
40581.359  783.59998            
40675.143  783.46667            
40768.915  783.59998            
40862.674  783.46667            
40956.42  783.86664            
41050.153  784.29999            
41143.874  783.79999            
41237.582  784.06665            
41331.277  784.13336            
41424.96  784.59998            
41518.63  783.33331            
41612.287  784.59998            
41705.932  784.09998            
41799.564  783.76666            
41893.183  784.09998            
41986.79  784.13336            
42080.384  783.73334            
42173.966  784.63336            
42267.534  783.96667            
42361.09  784.63336            
42454.634  784.33331            
42548.165  784.33331            
42641.683  784.23334            
42735.188  784.56665            
42828.681  784.56665            
42922.161  784.90002            
43015.629  784.63336            
43109.084  785.23334            
43202.526  784.5            
43295.955  784.66669            
43389.372  784.93335            
43482.777  785.13336            
43576.168  784.56665            
43669.547  785.20001            
43762.914  784.96667            
43856.268  785.16669            
43949.609  785.33331            
44042.937  785.16669            
44136.253  785.66669            
44229.557  785.36664            
44322.847  784.33331            
44416.125  785.23334            
44509.391  784.09998            
44602.644  784.33331            
44695.884  784.03333            
44789.111  784.26666            
44882.326  783.79999            
44975.529  783.66669            
45068.718  783.40002            
45161.895  784.03333            
45255.06  783.36664            
45348.212  783.29999            
45441.351  783.16669            
45534.478  783.36664            
45627.592  783.70001            
45720.693  783.70001            
45813.782  783.23334            
45906.858  783.26666            
45999.922  783.59998            
46092.973  784.16669            
46186.011  782.96667            
46279.037  783.23334            
46372.051  784            
46465.051  784.20001            
46558.039  784.20001            
46651.015  783.86664            
46743.978  784.20001            
46836.928  784.66669            
46929.866  783.76666            
47022.791  783.43335            
47115.704  784.13336            
47208.604  783.59998            
47301.491  784.40002            
47394.366  783.90002            
47487.228  783.29999            
47580.078  783.53333            
47672.915  783.79999            
47765.74  784.20001            
47858.552  784.36664            
47951.351  783.93335            
48044.138  784.09998            
48136.912  784.63336            
48229.674  784.79999            
48322.423  784.83331            
48415.16  783.66669            
48507.884  784.06665            
48600.595  783.70001            
48693.294  784.63336            
48785.981  784.46667            
48878.654  784.26666            
48971.316  784.09998            
49063.964  784.66669            
49156.601  785.09998            
49249.224  784.56665            
49341.835  784.56665            
49434.434  784.76666            
49527.02  784.79999            
49619.593  784.40002            
49712.154  784.09998            
49804.703  784.29999            
49897.238  784.86664            
49989.762  784.66669            
50082.273  784.26666            
50174.771  784.33331            
50267.256  783.93335            
50359.73  784.23334            
50452.19  783.79999            
50544.638  783.93335            
50637.074  783.63336            
50729.497  783.79999            
50821.908  783.26666            
50914.306  783.70001            
51006.691  783.53333            
51099.064  783.26666            
51191.424  783.36664            
51283.772  783.5            
51376.108  783.03333            
51468.431  783.43335            
51560.741  783.56665            
51653.039  783.73334            
51745.324  783.70001            
51837.597  782.90002            
51929.858  783.20001            
52022.106  783.43335            
52114.341  783.66669            
52206.564  783.56665            
52298.774  783.20001            
52390.972  783.40002            
52483.157  782.76666            
52575.33  783.70001            
52667.491  782.59998            
52759.638  783.16669            
52851.774  783.43335            
52943.897  783.40002            
53036.007  783.13336            
53128.105  783.26666            
53220.191  782.83331            
53312.263  783.33331            
53404.324  783.53333            
53496.372  783.36664            
53588.407  783.36664            
53680.431  783.09998            
53772.441  783.09998            
53864.439  783.13336            
53956.425  782.93335            
54048.398  783.56665            
54140.359  783.66669            
54232.307  783.33331            
54324.242  783.43335            
54416.166  783.63336            
54508.077  783.59998            
54599.975  783.70001            
54691.861  783.46667            
54783.734  783.53333            
54875.595  783.66669            
54967.444  783.46667            
55059.28  784.13336            
55151.103  783.66669            
55242.914  784.16669            
55334.713  784            
55426.499  783.79999            
55518.273  784.09998            
55610.034  784.03333            
55701.783  784.26666            
55793.519  784.46667            
55885.243  784.66669            
55976.955  784.03333            
56068.654  784.26666            
56160.341  785.16669            
56252.015  784.46667            
56343.677  785.23334            
56435.326  785.13336            
56526.963  785.63336            
56618.588  784.90002            
56710.2  785            
56801.799  785.73334            
56893.386  785.16669            
56984.961  785.70001            
57076.523  786.03333            
57168.073  785.70001            
57259.611  785.43335            
57351.136  785.66669            
57442.649  785            
57534.149  785.70001            
57625.637  786.03333            
57717.112  786.06665            
57808.575  785.79999            
57900.026  786.23334            
57991.464  786.33331            
58082.89  785.70001            
58174.303  785.43335            
58265.704  785.96667            
58357.092  786.33331            
58448.468  786.13336            
58539.832  786.40002            
58631.184  786.29999            
58722.522  786.23334            
58813.849  786.79999            
58905.163  785.73334            
58996.465  786.29999            
59087.754  786.40002            
59179.031  786.73334            
59270.296  786.63336            
59361.548  787.59998            
59452.788  787.20001            
59544.015  787            
59635.23  787.76666            
59726.433  787.46667            
59817.623  787.46667            
59908.801  787.40002            
59999.966  787.79999            
60091.119  788.20001            
60182.26  788.79999            
60273.389  789.09998            
60364.505  788.43335            
60455.608  788.83331            
60546.699  789.09998            
60637.778  789.76666            
60728.845  789.20001            
60819.899  790.46667            
60910.941  790.03333            
61001.97  790.79999            
61092.987  791.59998            
61183.992  791.63336            
61274.984  791.90002            
61365.964  791.86664            
61456.932  791.5            
61547.887  791.63336            
61638.83  791.43335            
61729.76  791.66669            
61820.679  791.5            
61911.584  792.40002            
62002.478  791.36664            
62093.359  792.53333            
62184.228  791.96667            
62275.084  791.63336            
62365.928  791.36664            
62456.76  791.83331            
62547.58  790.09998            
62638.387  791.56665            
62729.181  791.16669            
62819.964  791.86664            
62910.734  791.16669            
63001.492  790.56665            
63092.237  791.46667            
63182.97  791.40002            
63273.691  791.40002            
63364.4  791.36664            
63455.096  791.09998            
63545.779  791            
63636.451  791.13336            
63727.11  790.86664            
63817.757  791.79999            
63908.391  792.63336            
63999.014  792.76666            
64089.624  792.73334            
64180.221  793.13336            
64270.806  794.53333            
64361.379  795.06665            
64451.94  795.40002            
64542.488  796.96667            
64633.024  798.09998            
64723.548  799.03333            
64814.059  800.16669            
64904.558  802.33331            
64995.045  802.36664            
65085.52  803.13336            
65175.982  804.06665            
65266.432  803.66669            
65356.87  804.86664            
65447.295  804.36664            
65537.708  804.70001            
65628.109  804.40002            
65718.497  802.90002            
65808.873  802.13336            
65899.237  801.73334            
65989.589  799.46667            
66079.928  798.53333            
66170.255  797.70001            
66260.57  796.16669            
66350.872  795.79999            
66441.162  794.63336            
66531.44  793.63336            
66621.706  792.13336            
66711.959  791.79999            
66802.2  791.29999            
66892.429  790.63336            
66982.646  790.63336            
67072.85  789.66669            
67163.042  788.73334            
67253.222  788.63336            
67343.389  787.76666            
67433.544  787.16669            
67523.687  787.53333            
67613.818  786.26666            
67703.937  787            
67794.043  785.23334            
67884.137  785.06665            
67974.218  785.76666            
68064.288  784.86664            
68154.345  785.16669            
68244.39  784.56665            
68334.422  784.53333            
68424.443  784.86664            
68514.451  784.73334            
68604.447  784.53333            
68694.431  783.79999            
68784.402  783.79999            
68874.361  785.59998            
68964.308  783.59998            
69054.243  783            
69144.165  783.06665            
69234.076  783.56665            
69323.974  783.40002            
69413.859  783.23334            
69503.733  783.26666            
69593.594  783.16669            
69683.443  783.03333            
69773.28  783.13336            
69863.105  782.93335            
69952.917  782.5            
70042.718  782.83331            
70132.506  782.70001            
70222.281  783            
70312.045  782.59998            
70401.796  782.79999            
70491.535  781.93335            
70581.262  782.06665            
70670.977  782.20001            
70760.679  782.76666            
70850.37  782.06665            
70940.048  781.90002            
71029.714  782.26666            
71119.367  782.46667            
71209.009  781.79999            
71298.638  782.36664            
71388.255  782.36664            
71477.86  782.20001            
71567.453  781.93335            
71657.033  782.03333            
71746.601  782.13336            
71836.157  781.79999            
71925.701  782.16669            
72015.233  782.23334            
72104.752  781.96667            
72194.26  781.93335            
72283.755  782            
72373.238  781.70001            
72462.708  781.73334            
72552.167  781.70001            
72641.613  782.06665            
72731.048  781.86664            
72820.47  781.76666            
72909.879  782.06665            
72999.277  781.79999            
73088.663  782.09998            
73178.036  781.86664            
73267.397  781.36664            
73356.746  782            
73446.083  782.40002            
73535.408  781.70001            
73624.72  781.93335            
73714.02  785.29999            
73803.309  781.59998            
73892.585  781.33331            
73981.848  781.76666            
74071.1  781.53333            
74160.34  781.63336            
74249.567  781.66669            
74338.782  781.59998            
74427.985  780.79999            
74517.176  781.5            
74606.355  781.36664            
74695.521  781.36664            
74784.676  781.20001            
74873.818  780.76666            
74962.948  781.46667            
75052.066  781.06665            
75141.172  781.29999            
75230.266  781.59998            
75319.348  781            
75408.417  781.66669            
75497.474  781.16669            
75586.52  781.70001            
75675.553  781.59998            
75764.574  781.36664            
75853.582  781.29999            
75942.579  780.63336            
76031.564  781            
76120.536  780.79999            
76209.496  780.93335            
76298.445  781.16669            
76387.381  780.63336            
76476.305  781.13336            
76565.216  781.36664            
76654.116  781.40002            
76743.004  781.36664            
76831.879  780.90002            
76920.742  781.23334            
77009.594  781.03333            
77098.433  780.79999            
77187.26  781.20001            
77276.075  781.36664            
77364.878  780.96667            
77453.668  780.96667            
77542.447  780.53333            
77631.213  780.90002            
77719.968  780.93335            
77808.71  781.09998            
77897.44  780.83331            
77986.158  781.13336            
78074.864  780.83331            
78163.558  780.96667            
78252.24  780.59998            
78340.91  781.33331            
78429.567  781.36664            
78518.213  780.5            
78606.846  780.79999            
78695.468  780.83331            
78784.077  780.79999            
78872.674  780.90002            
78961.259  780.73334            
79049.832  780.40002            
79138.393  780.90002            
79226.942  780.66669            
79315.479  781            
79404.004  780.93335            
