
1737.8667  778.59998            
1836.8818  778.40002            
1935.8836  778.20001            
2034.8721  779.79999            
2133.8474  778.79999            
2232.8093  778.20001            
2331.758  778.20001            
2430.6935  779            
2529.6156  778.59998            
2628.5245  779            
2727.4201  778.59998            
2826.3024  778.40002            
2925.1715  778.59998            
3024.0273  777.59998            
3122.8698  778.79999            
3221.6991  780            
3320.5151  779.40002            
3419.3178  778.40002            
3518.1073  778.59998            
3616.8835  778.20001            
3715.6465  778.40002            
3814.3962  778.59998            
3913.1327  778.79999            
4011.8559  778.59998            
4110.5659  778.40002            
4209.2626  779.40002            
4307.9461  779            
4406.6163  778.40002            
4505.2733  778.40002            
4603.917  778.59998            
4702.5475  779            
4801.1648  777.79999            
4899.7688  778.59998            
4998.3596  778.59998            
5096.9372  778            
5195.5015  778.40002            
5294.0526  778.59998            
5392.5904  778.79999            
5491.1151  778.20001            
5589.6265  778.40002            
5688.1247  778.59998            
5786.6096  778            
5885.0814  779            
5983.5399  778.59998            
6081.9852  778.20001            
6180.4173  778.40002            
6278.8361  779.59998            
6377.2418  778.20001            
6475.6342  778.40002            
6574.0134  778.79999            
6672.3794  778.79999            
6770.7322  778.40002            
6869.0718  779.40002            
6967.3982  778.79999            
7065.7114  779.20001            
7164.0114  778.59998            
7262.2982  778.59998            
7360.5718  779            
7458.8322  779            
7557.0794  778.79999            
7655.3134  779.79999            
7753.5342  779.20001            
7851.7418  778.79999            
7949.9362  778            
8048.1175  778.20001            
8146.2855  778.59998            
8244.4404  778.79999            
8342.5821  778.79999            
8440.7105  778.59998            
8538.8259  779            
8636.928  779            
8735.017  779            
8833.0927  778.79999            
8931.1553  778.79999            
9029.2048  779.20001            
9127.241  779.20001            
9225.2641  779            
9323.2741  778.20001            
9421.2708  779.79999            
9519.2544  778.59998            
9617.2248  779.59998            
9715.1821  779.40002            
9813.1262  779.79999            
9911.0571  781            
10008.975  782.59998            
10106.88  786            
10204.771  792            
10302.649  804            
10400.514  816.79999            
10498.367  829            
10596.205  835.20001            
10694.031  831.40002            
10791.844  826.40002            
10889.643  826            
10987.429  823            
11085.203  823.79999            
11182.963  824.59998            
11280.709  824            
11378.443  825.79999            
11476.164  831.20001            
11573.871  831.79999            
11671.565  834.79999            
11769.247  841.40002            
11866.915  844.20001            
11964.57  845.20001            
12062.211  842.79999            
12159.84  843.59998            
12257.456  844.40002            
12355.058  842.40002            
12452.647  843.59998            
12550.224  841.20001            
12647.787  843.59998            
12745.337  842            
12842.874  838.79999            
12940.397  840.40002            
13037.908  839            
13135.405  841.79999            
13232.89  841.40002            
13330.361  836.20001            
13427.819  834.40002            
13525.265  837.40002            
13622.696  843            
13720.115  843.20001            
13817.521  841.40002            
13914.914  841            
14012.293  846.40002            
14109.66  844.20001            
14207.013  845.59998            
14304.354  841.40002            
14401.681  844.59998            
14498.995  848.59998            
14596.296  846.79999            
14693.584  847.20001            
14790.859  841.79999            
14888.121  841.79999            
14985.37  843.79999            
15082.605  843.79999            
15179.828  848.79999            
15277.037  845.59998            
15374.234  846.40002            
15471.417  840.59998            
15568.587  840            
15665.744  842.40002            
15762.889  847            
15860.02  841            
15957.138  841.20001            
16054.243  841.59998            
16151.334  838.79999            
16248.413  842.20001            
16345.479  843.40002            
16442.532  844.40002            
16539.571  840.40002            
16636.598  843.59998            
16733.611  843.20001            
16830.612  840.59998            
16927.599  839.20001            
17024.574  837.59998            
17121.535  840.40002            
17218.483  840.40002            
17315.418  837.59998            
17412.341  836.40002            
17509.25  833.79999            
17606.146  833.79999            
17703.029  833            
17799.899  833.20001            
17896.756  835            
17993.6  836            
18090.431  838.20001            
18187.249  836.79999            
18284.054  835.40002            
18380.845  834.40002            
18477.624  834.40002            
18574.39  835.20001            
18671.143  833            
18767.882  835.40002            
18864.609  834.79999            
18961.323  834.79999            
19058.023  837.79999            
19154.711  835.20001            
19251.386  833.59998            
19348.047  834.40002            
19444.696  831.79999            
19541.332  832.20001            
19637.954  830.20001            
19734.564  829.20001            
19831.16  835.79999            
19927.744  832.40002            
20024.315  835.40002            
20120.872  836.79999            
20217.417  834.20001            
20313.948  834.20001            
20410.467  837.79999            
20506.972  835.79999            
20603.465  834.59998            
20699.945  835.79999            
20796.411  836            
20892.865  834.40002            
20989.305  833.40002            
21085.733  835.59998            
21182.148  835.40002            
21278.549  835            
21374.938  836            
21471.314  833            
21567.677  834.20001            
21664.026  833.79999            
21760.363  831.59998            
21856.687  832            
21952.998  829            
22049.296  832            
22145.581  833.40002            
22241.852  830.79999            
22338.111  829.40002            
22434.357  832            
22530.59  829.40002            
22626.81  828.40002            
22723.018  829.20001            
22819.212  826.59998            
22915.393  826.20001            
23011.561  827.20001            
23107.716  828.79999            
23203.859  825.59998            
23299.988  827.20001            
23396.105  829            
23492.208  827.40002            
23588.299  827            
23684.376  824.59998            
23780.441  824.20001            
23876.492  826.79999            
23972.531  826.20001            
24068.557  827            
24164.57  827.40002            
24260.57  824.59998            
24356.557  824            
24452.531  823.59998            
24548.492  822.59998            
24644.44  824.59998            
24740.375  823.40002            
24836.298  826.40002            
24932.207  826.40002            
25028.104  823.79999            
25123.987  823.79999            
25219.858  825.40002            
25315.716  827            
25411.56  825.40002            
25507.392  825.59998            
25603.211  826.79999            
25699.017  824.59998            
25794.81  825.40002            
25890.591  828            
25986.358  824.59998            
26082.112  821.79999            
26177.854  822.79999            
26273.582  824.79999            
26369.298  824            
26465.001  824.20001            
26560.691  822.59998            
26656.368  822            
26752.032  824.20001            
26847.683  824.59998            
26943.321  821            
27038.947  824.79999            
27134.559  826            
27230.159  825.59998            
27325.746  825            
27421.319  826            
27516.88  824.59998            
27612.428  825            
27707.964  826.40002            
27803.486  824            
27898.995  824            
27994.492  823.40002            
28089.976  821.40002            
28185.446  824.40002            
28280.904  824.20001            
28376.349  824.20001            
28471.781  826.79999            
28567.201  825.59998            
28662.607  823.20001            
28758.001  823.20001            
28853.381  822.20001            
28948.749  825            
29044.104  821.59998            
29139.446  823.59998            
29234.776  826            
29330.092  826.40002            
29425.396  825.59998            
29520.686  827.20001            
29615.964  826            
29711.229  826.59998            
29806.481  828.20001            
29901.72  826            
29996.947  826.79999            
30092.16  825.59998            
30187.361  827.79999            
30282.549  827.40002            
30377.724  823.79999            
30472.886  825.40002            
30568.036  823.59998            
30663.172  824.20001            
30758.296  824.59998            
30853.407  828.40002            
30948.505  830.79999            
31043.59  826.40002            
31138.662  826.40002            
31233.722  825.40002            
31328.769  826.40002            
31423.802  827            
31518.823  828            
31613.832  829.59998            
31708.827  828.79999            
31803.81  827.59998            
31898.779  829            
31993.736  824.20001            
32088.681  828.59998            
32183.612  824.79999            
32278.53  829.20001            
32373.436  829            
32468.329  828.20001            
32563.209  826.40002            
32658.076  827.20001            
32752.931  829.59998            
32847.773  830.79999            
32942.601  828.20001            
33037.417  829.20001            
33132.221  830.40002            
33227.011  825.79999            
33321.789  829.79999            
33416.554  825.59998            
33511.306  830.59998            
33606.045  826.20001            
33700.772  831            
33795.485  828            
33890.186  828.79999            
33984.874  824.79999            
34079.55  826.59998            
34174.212  828.79999            
34268.862  829.59998            
34363.499  825.79999            
34458.123  826.59998            
34552.735  831.40002            
34647.334  826.79999            
34741.919  828.79999            
34836.493  830.20001            
34931.053  830            
35025.601  830.59998            
35120.135  828.20001            
35214.657  831.20001            
35309.167  830.79999            
35403.663  833.59998            
35498.147  829.79999            
35592.618  830.59998            
35687.076  831.20001            
35781.522  833.20001            
35875.955  832.79999            
35970.375  829.59998            
36064.782  830.59998            
36159.176  835.40002            
36253.558  831.20001            
36347.927  828.20001            
36442.283  830.59998            
36536.627  831.40002            
36630.957  831.40002            
36725.275  833.40002            
36819.581  831.59998            
36913.873  834            
37008.153  831.20001            
37102.42  832.40002            
37196.674  830.20001            
37290.916  831.59998            
37385.145  832.40002            
37479.361  830.59998            
37573.564  831.40002            
37667.755  830.40002            
37761.933  833.40002            
37856.098  831            
37950.25  830.20001            
38044.39  833.20001            
38138.517  829.79999            
38232.631  829.20001            
38326.733  832            
38420.822  833            
38514.898  831            
38608.961  832.20001            
38703.012  831            
38797.05  831.40002            
38891.075  834.40002            
38985.088  833.20001            
39079.088  832.79999            
39173.075  829.59998            
39267.05  831.79999            
39361.011  833            
39454.96  832.59998            
39548.897  830.79999            
39642.821  830.20001            
39736.731  832.59998            
39830.63  833.20001            
39924.515  830.20001            
40018.388  832.59998            
40112.249  832.59998            
40206.096  831            
40299.931  830.40002            
40393.753  832.20001            
40487.562  830.20001            
40581.359  829.79999            
40675.143  830.59998            
40768.915  832.40002            
40862.674  834.79999            
40956.42  830.20001            
41050.153  833            
41143.874  831.79999            
41237.582  829.79999            
41331.277  829.79999            
41424.96  831.40002            
41518.63  832.59998            
41612.287  830.40002            
41705.932  829.79999            
41799.564  828.59998            
41893.183  831.40002            
41986.79  834.59998            
42080.384  831.59998            
42173.966  828.20001            
42267.534  830.20001            
42361.09  830.40002            
42454.634  830.40002            
42548.165  830.59998            
42641.683  832.79999            
42735.188  831.40002            
42828.681  833            
42922.161  827.40002            
43015.629  830.79999            
43109.084  829.59998            
43202.526  832.79999            
43295.955  833.20001            
43389.372  830.59998            
43482.777  830.20001            
43576.168  831.20001            
43669.547  833.40002            
43762.914  830.20001            
43856.268  834.20001            
43949.609  838.40002            
44042.937  837.59998            
44136.253  833.20001            
44229.557  832.79999            
44322.847  830.40002            
44416.125  832.79999            
44509.391  833.40002            
44602.644  831.20001            
44695.884  832            
44789.111  835            
44882.326  832.59998            
44975.529  835.20001            
45068.718  831            
45161.895  832.40002            
45255.06  833.59998            
45348.212  834            
45441.351  834.20001            
45534.478  830            
45627.592  833.40002            
45720.693  835            
45813.782  833.20001            
45906.858  841.20001            
45999.922  832.79999            
46092.973  834.79999            
46186.011  832            
46279.037  837.20001            
46372.051  837.40002            
46465.051  835            
46558.039  835.79999            
46651.015  837            
46743.978  836.79999            
46836.928  834.40002            
46929.866  835.59998            
47022.791  835.20001            
47115.704  841.20001            
47208.604  835.20001            
47301.491  834.79999            
47394.366  834            
47487.228  836            
47580.078  832.59998            
47672.915  835            
47765.74  837.20001            
47858.552  834.79999            
47951.351  838            
48044.138  839            
48136.912  838.59998            
48229.674  836.40002            
48322.423  834            
48415.16  837.59998            
48507.884  836.20001            
48600.595  835.20001            
48693.294  838            
48785.981  836.59998            
48878.654  834.20001            
48971.316  831.79999            
49063.964  836.20001            
49156.601  833.59998            
49249.224  835.20001            
49341.835  836            
49434.434  835.59998            
49527.02  833.79999            
49619.593  840.40002            
49712.154  835.79999            
49804.703  834.40002            
49897.238  833.40002            
49989.762  837.20001            
50082.273  837.59998            
50174.771  838            
50267.256  834            
50359.73  835.20001            
50452.19  835.79999            
50544.638  840.20001            
50637.074  837.40002            
50729.497  836            
50821.908  835.59998            
50914.306  835            
51006.691  838.20001            
51099.064  836.59998            
51191.424  837.40002            
51283.772  833.20001            
51376.108  832.79999            
51468.431  835.79999            
51560.741  838.79999            
51653.039  836.40002            
51745.324  834.40002            
51837.597  838.59998            
51929.858  841.79999            
52022.106  839.79999            
52114.341  839            
52206.564  839.40002            
52298.774  837.40002            
52390.972  837.59998            
52483.157  835.59998            
52575.33  835.79999            
52667.491  838.20001            
52759.638  841.20001            
52851.774  840.40002            
52943.897  838.59998            
53036.007  840            
53128.105  841.40002            
53220.191  841.40002            
53312.263  841.79999            
53404.324  842.79999            
53496.372  840            
53588.407  843.40002            
53680.431  845.40002            
53772.441  844.79999            
53864.439  841            
53956.425  839            
54048.398  843.20001            
54140.359  845.20001            
54232.307  843.59998            
54324.242  845.79999            
54416.166  843            
54508.077  845.40002            
54599.975  849.40002            
54691.861  843.40002            
54783.734  850.20001            
54875.595  847.20001            
54967.444  846.79999            
55059.28  851.20001            
55151.103  850.79999            
55242.914  852.20001            
55334.713  849            
55426.499  852.79999            
55518.273  849            
55610.034  850.79999            
55701.783  851.79999            
55793.519  853.59998            
55885.243  854.40002            
55976.955  852.40002            
56068.654  853.59998            
56160.341  861.59998            
56252.015  855.79999            
56343.677  860.79999            
56435.326  862            
56526.963  858.20001            
56618.588  859.40002            
56710.2  862.59998            
56801.799  861.20001            
56893.386  866.79999            
56984.961  870            
57076.523  864.79999            
57168.073  865.20001            
57259.611  866.40002            
57351.136  864.20001            
57442.649  871.20001            
57534.149  871.59998            
57625.637  873.40002            
57717.112  871.59998            
57808.575  875.79999            
57900.026  874.79999            
57991.464  870.40002            
58082.89  874.20001            
58174.303  872.59998            
58265.704  873.79999            
58357.092  874.79999            
58448.468  873.59998            
58539.832  872.40002            
58631.184  872.79999            
58722.522  877.20001            
58813.849  874.59998            
58905.163  873            
58996.465  875.40002            
59087.754  874.20001            
59179.031  876.59998            
59270.296  876.79999            
59361.548  873.59998            
59452.788  873.20001            
59544.015  879.79999            
59635.23  876.59998            
59726.433  877.40002            
59817.623  880.20001            
59908.801  876.79999            
59999.966  881.59998            
60091.119  879            
60182.26  884.79999            
60273.389  881.79999            
60364.505  883            
60455.608  884.20001            
60546.699  883.40002            
60637.778  885.20001            
60728.845  884.40002            
60819.899  888            
60910.941  888.79999            
61001.97  886.79999            
61092.987  889.79999            
61183.992  895.20001            
61274.984  897.20001            
61365.964  897.20001            
61456.932  899.40002            
61547.887  900            
61638.83  895.79999            
61729.76  904            
61820.679  894.40002            
61911.584  902.59998            
62002.478  900.40002            
62093.359  903            
62184.228  902.59998            
62275.084  907.79999            
62365.928  905            
62456.76  898.40002            
62547.58  892.79999            
62638.387  885.20001            
62729.181  887.59998            
62819.964  894.20001            
62910.734  886.40002            
63001.492  888.59998            
63092.237  884            
63182.97  886.20001            
63273.691  887            
63364.4  884.20001            
63455.096  882.20001            
63545.779  876.79999            
63636.451  877.79999            
63727.11  873.59998            
63817.757  873.59998            
63908.391  872.79999            
63999.014  870.59998            
64089.624  867.79999            
64180.221  861.40002            
64270.806  858            
64361.379  858            
64451.94  858.59998            
64542.488  856.40002            
64633.024  856.79999            
64723.548  853.20001            
64814.059  851.40002            
64904.558  852.79999            
64995.045  852            
65085.52  847.79999            
65175.982  847.79999            
65266.432  848.79999            
65356.87  846.79999            
65447.295  847.59998            
65537.708  847.20001            
65628.109  842.20001            
65718.497  841.40002            
65808.873  838            
65899.237  837.59998            
65989.589  835.20001            
66079.928  836.59998            
66170.255  839            
66260.57  833.20001            
66350.872  828.59998            
66441.162  829            
66531.44  831.20001            
66621.706  830.20001            
66711.959  832.20001            
66802.2  830.59998            
66892.429  827.79999            
66982.646  827.79999            
67072.85  825.40002            
67163.042  825.59998            
67253.222  828            
67343.389  827.59998            
67433.544  825            
67523.687  824            
67613.818  824            
67703.937  822.20001            
67794.043  823.40002            
67884.137  823.79999            
67974.218  822.79999            
68064.288  821.59998            
68154.345  822.40002            
68244.39  821            
68334.422  822            
68424.443  823.20001            
68514.451  819.20001            
68604.447  822            
68694.431  822.79999            
68784.402  818.20001            
68874.361  820.20001            
68964.308  819.40002            
69054.243  818.59998            
69144.165  821            
69234.076  823.40002            
69323.974  816.20001            
69413.859  815.40002            
69503.733  819.79999            
69593.594  818.59998            
69683.443  819.40002            
69773.28  817            
69863.105  817.59998            
69952.917  818.79999            
70042.718  819            
70132.506  816.59998            
70222.281  816            
70312.045  817.59998            
70401.796  813.59998            
70491.535  816.20001            
70581.262  816.20001            
70670.977  815            
70760.679  815            
70850.37  821.40002            
70940.048  816            
71029.714  815.40002            
71119.367  816.59998            
71209.009  815.40002            
71298.638  819.20001            
71388.255  812.79999            
71477.86  819.20001            
71567.453  816.59998            
71657.033  814.59998            
71746.601  817.79999            
71836.157  816.79999            
71925.701  812.79999            
72015.233  815.40002            
72104.752  814.20001            
72194.26  813.59998            
72283.755  813            
72373.238  810.79999            
72462.708  812.59998            
72552.167  812.20001            
72641.613  807.59998            
72731.048  812.59998            
72820.47  815            
72909.879  811.79999            
72999.277  813            
73088.663  809.59998            
73178.036  809.40002            
73267.397  811.59998            
73356.746  811            
73446.083  811.40002            
73535.408  811.59998            
73624.72  814            
73714.02  816            
73803.309  812            
73892.585  813            
73981.848  809.20001            
74071.1  811.79999            
74160.34  812.40002            
74249.567  809.79999            
74338.782  809.40002            
74427.985  809.59998            
74517.176  810.40002            
74606.355  811.59998            
74695.521  811.20001            
74784.676  807            
74873.818  807.59998            
74962.948  810.20001            
75052.066  812.40002            
75141.172  811.40002            
75230.266  809.40002            
75319.348  812.40002            
75408.417  808.79999            
75497.474  810.59998            
75586.52  814.40002            
75675.553  810.79999            
75764.574  811.20001            
75853.582  811            
75942.579  808.79999            
76031.564  808            
76120.536  807.20001            
76209.496  808.79999            
76298.445  809.20001            
76387.381  807.59998            
76476.305  808            
76565.216  808.20001            
76654.116  810.40002            
76743.004  808            
76831.879  808.40002            
76920.742  809.59998            
77009.594  806.79999            
77098.433  809.79999            
77187.26  807.40002            
77276.075  807            
77364.878  807.20001            
77453.668  805.40002            
77542.447  806.20001            
77631.213  807            
77719.968  806.79999            
77808.71  807.59998            
77897.44  806.59998            
77986.158  807.59998            
78074.864  807.79999            
78163.558  805            
78252.24  803.59998            
78340.91  805.79999            
78429.567  805            
78518.213  805.40002            
78606.846  806.20001            
78695.468  808.40002            
78784.077  809            
78872.674  808            
78961.259  807            
79049.832  808            
79138.393  806.79999            
79226.942  806            
79315.479  806.59998            
79404.004  803            
79492.516  806.59998            
79581.017  806.20001            
79669.505  807            
79757.982  806.59998            
79846.446  806.59998            
79934.899  804            
80023.339  802.20001            
80111.767  804.79999            
80200.183  804.79999            
80288.587  805.40002            
80376.979  807.20001            
80465.359  808            
80553.727  804.40002            
80642.083  806.20001            
80730.427  807.40002            
80818.758  806.20001            
80907.078  806.59998            
80995.386  805.40002            
81083.681  805.59998            
81171.965  804.40002            
81260.236  807.59998            
81348.496  806.40002            
81436.743  804.20001            
81524.979  806            
81613.202  804.20001            
81701.413  803.79999            
81789.612  806.59998            
81877.8  804.79999            
