1             
x       y           
[m<sup>-1</sup>]     [CCD cts]         
6672.3794  778.66669            
6770.7322  779            
6869.0718  778.33331            
6967.3982  778            
7065.7114  778.66669            
7164.0114  778.33331            
7262.2982  778            
7360.5718  776.66669            
7458.8322  777.66669            
7557.0794  779            
7655.3134  779            
7753.5342  778            
7851.7418  778.66669            
7949.9362  777.33331            
8048.1175  776.66669            
8146.2855  778.33331            
8244.4404  778            
8342.5821  778            
8440.7105  777.66669            
8538.8259  778            
8636.928  778.33331            
8735.017  778            
8833.0927  776.66669            
8931.1553  778.66669            
9029.2048  779            
9127.241  778.66669            
9225.2641  778.33331            
9323.2741  778            
9421.2708  779.33331            
9519.2544  778.33331            
9617.2248  778.33331            
9715.1821  778.33331            
9813.1262  779            
9911.0571  778            
10008.975  779.33331            
10106.88  779.33331            
10204.771  781            
10302.649  785.33331            
10400.514  787.33331            
10498.367  794.66669            
10596.205  794            
10694.031  797            
10791.844  792            
10889.643  791            
10987.429  792.66669            
11085.203  790.33331            
11182.963  791            
11280.709  793.66669            
11378.443  793.66669            
11476.164  794.33331            
11573.871  797            
11671.565  794.66669            
11769.247  797.33331            
11866.915  800            
11964.57  796            
12062.211  798.66669            
12159.84  799.66669            
12257.456  798            
12355.058  798.66669            
12452.647  799            
12550.224  799.33331            
12647.787  799.66669            
12745.337  798            
12842.874  798.33331            
12940.397  798.66669            
13037.908  800.33331            
13135.405  798.66669            
13232.89  798.66669            
13330.361  798.66669            
13427.819  797            
13525.265  800.66669            
13622.696  801.33331            
13720.115  800            
13817.521  799            
13914.914  802.33331            
14012.293  800.66669            
14109.66  800            
14207.013  799            
14304.354  801.66669            
14401.681  799.66669            
14498.995  798.33331            
14596.296  801.33331            
14693.584  801.66669            
14790.859  803            
14888.121  799.33331            
14985.37  802.33331            
15082.605  799.33331            
15179.828  800.33331            
15277.037  802.66669            
15374.234  799.33331            
15471.417  801.66669            
15568.587  799.33331            
15665.744  801.66669            
15762.889  802.66669            
15860.02  800            
15957.138  799.66669            
16054.243  801.33331            
16151.334  799            
16248.413  800.66669            
16345.479  800.66669            
16442.532  799.33331            
16539.571  802            
16636.598  801.66669            
16733.611  799.66669            
16830.612  801            
16927.599  801            
17024.574  796.66669            
17121.535  800            
17218.483  801            
17315.418  801.33331            
17412.341  798.33331            
17509.25  797.66669            
17606.146  797.33331            
17703.029  800.66669            
17799.899  798.33331            
17896.756  800            
17993.6  797            
18090.431  799.33331            
18187.249  795.33331            
18284.054  796.66669            
18380.845  797            
18477.624  798.33331            
18574.39  796            
18671.143  796.66669            
18767.882  797.33331            
18864.609  798.33331            
18961.323  798.33331            
19058.023  800.33331            
19154.711  795            
19251.386  797.33331            
19348.047  800.66669            
19444.696  796            
19541.332  794.66669            
19637.954  799            
19734.564  797.66669            
19831.16  797            
19927.744  798.33331            
20024.315  799.33331            
20120.872  800            
20217.417  795.66669            
20313.948  797.33331            
20410.467  801            
20506.972  797.33331            
20603.465  796.33331            
20699.945  797            
20796.411  797.66669            
20892.865  796            
20989.305  797            
21085.733  798.33331            
21182.148  797.66669            
21278.549  796.66669            
21374.938  799.33331            
21471.314  797.66669            
21567.677  798.33331            
21664.026  800            
21760.363  799.33331            
21856.687  799.33331            
21952.998  800.33331            
22049.296  796.33331            
22145.581  797.33331            
22241.852  799.66669            
22338.111  798            
22434.357  796.66669            
22530.59  797.33331            
22626.81  794.66669            
22723.018  799.33331            
22819.212  795            
22915.393  796.66669            
23011.561  798            
23107.716  796.33331            
23203.859  798.66669            
23299.988  794.33331            
23396.105  797.33331            
23492.208  798            
23588.299  798.33331            
23684.376  799            
23780.441  798.66669            
23876.492  798.33331            
23972.531  797.66669            
24068.557  798.66669            
24164.57  795.33331            
24260.57  797            
24356.557  797            
24452.531  796            
24548.492  799.66669            
24644.44  797.66669            
24740.375  799            
24836.298  797.66669            
24932.207  795.33331            
25028.104  798.66669            
25123.987  799            
25219.858  799            
25315.716  799.33331            
25411.56  798.33331            
25507.392  799.33331            
25603.211  801            
25699.017  799.66669            
25794.81  798.33331            
25890.591  798.33331            
25986.358  797.33331            
26082.112  796.66669            
26177.854  797.66669            
26273.582  800            
26369.298  797.33331            
26465.001  799.33331            
26560.691  798.33331            
26656.368  795.33331            
26752.032  798            
26847.683  799.33331            
26943.321  798.66669            
27038.947  798.33331            
27134.559  797.66669            
27230.159  795            
27325.746  797.66669            
27421.319  799.66669            
27516.88  799            
27612.428  799.33331            
27707.964  800            
27803.486  799            
27898.995  798.33331            
27994.492  801            
28089.976  794.66669            
28185.446  797.33331            
28280.904  797            
28376.349  796            
28471.781  798            
28567.201  796.66669            
28662.607  798.33331            
28758.001  797.66669            
28853.381  800            
28948.749  797.66669            
29044.104  795            
29139.446  794.66669            
29234.776  795.66669            
29330.092  798.33331            
29425.396  797.33331            
29520.686  796.66669            
29615.964  797            
29711.229  797            
29806.481  798.33331            
29901.72  798            
29996.947  797            
30092.16  796.33331            
30187.361  798.66669            
30282.549  798            
30377.724  798.33331            
30472.886  801            
30568.036  797.66669            
30663.172  799            
30758.296  796            
30853.407  799            
30948.505  796.66669            
31043.59  800.66669            
31138.662  797.33331            
31233.722  800            
31328.769  799.66669            
31423.802  799.33331            
31518.823  798.66669            
31613.832  799.33331            
31708.827  796            
31803.81  798.33331            
31898.779  799.33331            
31993.736  797.33331            
32088.681  800.66669            
32183.612  796            
32278.53  797.66669            
32373.436  799            
32468.329  795.33331            
32563.209  797.33331            
32658.076  797.66669            
32752.931  799.33331            
32847.773  797.66669            
32942.601  797            
33037.417  797.33331            
33132.221  797.66669            
33227.011  799.66669            
33321.789  797.66669            
33416.554  796.33331            
33511.306  800            
33606.045  797            
33700.772  798.33331            
33795.485  797.66669            
33890.186  801.33331            
33984.874  795.33331            
34079.55  796            
34174.212  801            
34268.862  801.66669            
34363.499  797            
34458.123  797            
34552.735  796.33331            
34647.334  799.66669            
34741.919  794.66669            
34836.493  798.66669            
34931.053  794.66669            
35025.601  798            
35120.135  797            
35214.657  798.66669            
35309.167  795.66669            
35403.663  800.66669            
35498.147  797            
35592.618  799            
35687.076  798.66669            
35781.522  797            
35875.955  798.66669            
35970.375  801.33331            
36064.782  794.66669            
36159.176  795.66669            
36253.558  796.66669            
36347.927  798            
36442.283  795.66669            
36536.627  798            
36630.957  799.66669            
36725.275  797            
36819.581  794.66669            
36913.873  796.33331            
37008.153  799            
37102.42  799            
37196.674  799            
37290.916  798.66669            
37385.145  798.66669            
37479.361  794.66669            
37573.564  795            
37667.755  799.33331            
37761.933  800            
37856.098  796.33331            
37950.25  796            
38044.39  797.33331            
38138.517  799.33331            
38232.631  797            
38326.733  795.33331            
38420.822  798.66669            
38514.898  797.33331            
38608.961  799.33331            
38703.012  795            
38797.05  796            
38891.075  797.33331            
38985.088  799.66669            
39079.088  800.66669            
39173.075  796.33331            
39267.05  798.33331            
39361.011  797            
39454.96  797.33331            
39548.897  796.33331            
39642.821  796.33331            
39736.731  802            
39830.63  798.66669            
39924.515  797.33331            
40018.388  796.33331            
40112.249  798.66669            
40206.096  799.66669            
40299.931  799.66669            
40393.753  800.66669            
40487.562  798.66669            
40581.359  802.66669            
40675.143  800.66669            
40768.915  800.66669            
40862.674  799.33331            
40956.42  800.66669            
41050.153  800.66669            
41143.874  802.33331            
41237.582  801.33331            
41331.277  801.33331            
41424.96  802            
41518.63  799.66669            
41612.287  800.66669            
41705.932  803            
41799.564  801.33331            
41893.183  801.33331            
41986.79  803.33331            
42080.384  803.33331            
42173.966  803.66669            
42267.534  801            
42361.09  801.66669            
42454.634  800.66669            
42548.165  804            
42641.683  804.33331            
42735.188  802.33331            
42828.681  803.33331            
42922.161  803            
43015.629  802.66669            
43109.084  803.66669            
43202.526  801.66669            
43295.955  800            
43389.372  803.66669            
43482.777  797            
43576.168  799.33331            
43669.547  803.66669            
43762.914  803.66669            
43856.268  798.66669            
43949.609  799.66669            
44042.937  799.33331            
44136.253  803.33331            
44229.557  798.66669            
44322.847  799.66669            
44416.125  797.33331            
44509.391  798            
44602.644  799.66669            
44695.884  799.33331            
44789.111  799.33331            
44882.326  798            
44975.529  797.33331            
45068.718  796.66669            
45161.895  798.33331            
45255.06  797.66669            
45348.212  797.66669            
45441.351  797            
45534.478  797.33331            
45627.592  798.33331            
45720.693  796.66669            
45813.782  797.66669            
45906.858  798.66669            
45999.922  800.33331            
46092.973  798            
46186.011  798.66669            
46279.037  797            
46372.051  796.66669            
46465.051  798            
46558.039  798.66669            
46651.015  798.66669            
46743.978  799            
46836.928  800.66669            
46929.866  802            
47022.791  799.66669            
47115.704  799            
47208.604  799.66669            
47301.491  799            
47394.366  800.33331            
47487.228  801.33331            
47580.078  801.66669            
47672.915  800            
47765.74  801.33331            
47858.552  802            
47951.351  801.66669            
48044.138  801.33331            
48136.912  803            
48229.674  803            
48322.423  798            
48415.16  802.33331            
48507.884  798            
48600.595  799            
48693.294  801            
48785.981  798.66669            
48878.654  799            
48971.316  801            
49063.964  801            
49156.601  798.66669            
49249.224  797            
49341.835  798.66669            
49434.434  797.33331            
49527.02  797.33331            
49619.593  799            
49712.154  797.66669            
49804.703  799.66669            
49897.238  799.66669            
49989.762  797.66669            
50082.273  797            
50174.771  799.66669            
50267.256  795            
50359.73  794.66669            
50452.19  795.66669            
50544.638  797.66669            
50637.074  799.66669            
50729.497  799.33331            
50821.908  799.33331            
50914.306  797            
51006.691  797.33331            
51099.064  795.33331            
51191.424  795.33331            
51283.772  796.66669            
51376.108  794.66669            
51468.431  797.66669            
51560.741  796.33331            
51653.039  795.66669            
51745.324  796.33331            
51837.597  794            
51929.858  796            
52022.106  797.66669            
52114.341  794            
52206.564  796.66669            
52298.774  796.33331            
52390.972  796.66669            
52483.157  798.33331            
52575.33  797.66669            
52667.491  796            
52759.638  798.66669            
52851.774  798.66669            
52943.897  795.66669            
53036.007  799            
53128.105  797.66669            
53220.191  799.66669            
53312.263  799.33331            
53404.324  796.66669            
53496.372  798            
53588.407  796.66669            
53680.431  798            
53772.441  798.66669            
53864.439  798.66669            
53956.425  798.66669            
54048.398  799            
54140.359  795.66669            
54232.307  799.33331            
54324.242  797.33331            
54416.166  796.33331            
54508.077  798.66669            
54599.975  798            
54691.861  800.33331            
54783.734  798.33331            
54875.595  799.33331            
54967.444  800            
55059.28  802.33331            
55151.103  801.66669            
55242.914  801.66669            
55334.713  801.33331            
55426.499  800.33331            
55518.273  800.33331            
55610.034  801            
55701.783  801.33331            
55793.519  801.66669            
55885.243  803            
55976.955  800.66669            
56068.654  804.33331            
56160.341  801            
56252.015  801.66669            
56343.677  801            
56435.326  800.33331            
56526.963  804            
56618.588  803            
56710.2  804.66669            
56801.799  804.33331            
56893.386  807.33331            
56984.961  803            
57076.523  802.66669            
57168.073  801.66669            
57259.611  801.33331            
57351.136  806.33331            
57442.649  801.66669            
57534.149  804.33331            
57625.637  805.66669            
57717.112  806.66669            
57808.575  807            
57900.026  807.33331            
57991.464  806.33331            
58082.89  809            
58174.303  808.66669            
58265.704  806.66669            
58357.092  809            
58448.468  807            
58539.832  807            
58631.184  812            
58722.522  808.33331            
58813.849  811.66669            
58905.163  811.33331            
58996.465  813            
59087.754  814.33331            
59179.031  812.33331            
59270.296  814.66669            
59361.548  815.33331            
59452.788  811            
59544.015  819            
59635.23  816.33331            
59726.433  820.33331            
59817.623  815.66669            
59908.801  815.33331            
59999.966  817            
60091.119  820.33331            
60182.26  816            
60273.389  818.33331            
60364.505  816.33331            
60455.608  817.66669            
60546.699  818.66669            
60637.778  820            
60728.845  821.33331            
60819.899  816.66669            
60910.941  820.66669            
61001.97  817.33331            
61092.987  816.33331            
61183.992  818            
61274.984  814.33331            
61365.964  817.33331            
61456.932  818            
61547.887  817.66669            
61638.83  815.33331            
61729.76  819            
61820.679  817            
61911.584  813            
62002.478  817.33331            
62093.359  816            
62184.228  818.66669            
62275.084  819.33331            
62365.928  816.33331            
62456.76  816.66669            
62547.58  817            
62638.387  817.66669            
62729.181  816.66669            
62819.964  816.33331            
62910.734  814.33331            
63001.492  820.33331            
63092.237  817.66669            
63182.97  814            
63273.691  818            
63364.4  817.33331            
63455.096  817.66669            
63545.779  815.66669            
63636.451  817.33331            
63727.11  818.33331            
63817.757  813            
63908.391  820.66669            
63999.014  814.33331            
64089.624  811.33331            
64180.221  811            
64270.806  810.33331            
64361.379  813.66669            
64451.94  810.66669            
64542.488  809.33331            
64633.024  809            
64723.548  810            
64814.059  810            
64904.558  808.66669            
64995.045  806.33331            
65085.52  808.33331            
65175.982  805            
65266.432  805.33331            
65356.87  806            
65447.295  804            
65537.708  806.33331            
65628.109  803.33331            
65718.497  801.66669            
65808.873  800.33331            
65899.237  801.66669            
65989.589  800.66669            
66079.928  800.33331            
66170.255  798.66669            
66260.57  800.66669            
66350.872  801            
66441.162  800.66669            
66531.44  799.33331            
66621.706  801.33331            
66711.959  799.66669            
66802.2  800            
66892.429  799.33331            
66982.646  797.33331            
67072.85  795.66669            
67163.042  799            
67253.222  794.66669            
67343.389  797            
67433.544  794.66669            
67523.687  799.66669            
67613.818  794            
67703.937  794.66669            
67794.043  797.33331            
67884.137  795.33331            
67974.218  801.33331            
68064.288  793.33331            
68154.345  794.66669            
68244.39  795.66669            
68334.422  794            
68424.443  796.33331            
68514.451  799            
68604.447  793.66669            
68694.431  795            
68784.402  792.33331            
68874.361  795            
68964.308  792            
69054.243  793            
69144.165  792.66669            
69234.076  793.33331            
69323.974  793.66669            
69413.859  794.66669            
69503.733  793.66669            
69593.594  791            
69683.443  791            
69773.28  792            
69863.105  793.66669            
69952.917  792.66669            
70042.718  793.66669            
70132.506  792.66669            
70222.281  793            
70312.045  792.33331            
70401.796  795.33331            
70491.535  791.66669            
70581.262  791.66669            
70670.977  791.66669            
70760.679  791.66669            
70850.37  791.66669            
70940.048  792.33331            
71029.714  792            
71119.367  789.33331            
71209.009  788            
71298.638  790.33331            
71388.255  791.66669            
71477.86  791            
71567.453  788.66669            
71657.033  789.33331            
71746.601  790.33331            
71836.157  791            
71925.701  789.33331            
72015.233  791.33331            
72104.752  790.66669            
72194.26  790            
72283.755  789            
72373.238  792            
72462.708  791.33331            
72552.167  788.33331            
72641.613  788.66669            
72731.048  789.66669            
72820.47  790.33331            
72909.879  790            
72999.277  789            
73088.663  792.33331            
73178.036  789            
73267.397  789.33331            
73356.746  791.66669            
73446.083  789            
73535.408  790.66669            
73624.72  790.66669            
73714.02  794.33331            
73803.309  787.33331            
73892.585  789.33331            
73981.848  789            
74071.1  791.66669            
74160.34  788.66669            
74249.567  789.66669            
74338.782  789            
74427.985  789.66669            
74517.176  788            
74606.355  791            
74695.521  790            
74784.676  787.33331            
74873.818  788.66669            
74962.948  789.33331            
75052.066  789.33331            
75141.172  788.33331            
75230.266  786.66669            
75319.348  788.33331            
75408.417  788            
75497.474  791.33331            
75586.52  788            
75675.553  787.66669            
75764.574  788.66669            
75853.582  788.33331            
75942.579  787.66669            
76031.564  785            
76120.536  787.66669            
76209.496  788.66669            
76298.445  790            
76387.381  787.66669            
76476.305  787.66669            
76565.216  787.33331            
76654.116  786            
76743.004  787.66669            
76831.879  788.33331            
76920.742  787.33331            
77009.594  786.66669            
77098.433  789            
77187.26  787            
77276.075  787.33331            
77364.878  787.66669            
77453.668  788.33331            
77542.447  789            
77631.213  787            
77719.968  787.33331            
77808.71  787.33331            
77897.44  786.33331            
77986.158  788.33331            
78074.864  788.33331            
78163.558  788.66669            
78252.24  786.66669            
78340.91  788.66669            
78429.567  787            
78518.213  786.66669            
78606.846  787            
