10.20             
x       y           
[m<sup>-1</sup>]     [CCD cts]         
5483.5126  785.79999            
5582.2204  785.79999            
5680.9151  786.59998            
5779.5966  786.70001            
5878.2649  786            
5976.92  786.70001            
6075.562  786.40002            
6174.1908  786.40002            
6272.8065  787.20001            
6371.4089  786.40002            
6469.9982  786.59998            
6568.5744  786.09998            
6667.1373  786.5            
6765.6872  785.79999            
6864.2238  785.90002            
6962.7473  786.59998            
7061.2577  786.20001            
7159.7549  786.59998            
7258.2389  786.90002            
7356.7098  786.09998            
7455.1675  787            
7553.6121  786.59998            
7652.0435  785.90002            
7750.4618  786.79999            
7848.867  787.40002            
7947.259  785.90002            
8045.6379  786.90002            
8144.0036  786.5            
8242.3562  787.29999            
8340.6957  786.09998            
8439.022  785.79999            
8537.3352  786.90002            
8635.6352  786.5            
8733.9221  786.40002            
8832.1959  786.5            
8930.4566  786.40002            
9028.7042  787            
9126.9386  787.29999            
9225.1599  787.59998            
9323.3681  788            
9421.5631  787.90002            
9519.745  790.20001            
9617.9139  792.40002            
9716.0696  795.20001            
9814.2122  797            
9912.3416  806.5            
10010.458  825.70001            
10108.561  860.29999            
10206.651  928.20001            
10304.728  1053            
10402.792  1173.3            
10500.843  1257.9            
10598.881  1275.3            
10696.906  1254.6            
10794.917  1198.3            
10892.916  1151.6            
10990.901  1141.6            
11088.873  1139.8            
11186.832  1149.5            
11284.778  1149.2            
11382.711  1156.5            
11480.631  1178.9            
11578.538  1214.2            
11676.432  1236.7            
11774.312  1258            
11872.18  1286.8            
11970.034  1293.9            
12067.876  1295            
12165.704  1287.2            
12263.519  1271.4            
12361.322  1271            
12459.111  1254.2            
12556.887  1247            
12654.65  1243.1            
12752.399  1238.7            
12850.136  1228.2            
12947.86  1213.9            
13045.571  1208            
13143.268  1212.5            
13240.953  1215.4            
13338.624  1215.6            
13436.283  1201.3            
13533.928  1206.5            
13631.56  1217.8            
13729.18  1219            
13826.786  1219.2            
13924.379  1216.4            
14021.959  1223.5            
14119.526  1230.7            
14217.08  1242.2            
14314.621  1239.7            
14412.149  1229.3            
14509.664  1219.3            
14607.166  1230.3            
14704.655  1243.8            
14802.13  1248.5            
14899.593  1266.1            
14997.043  1278            
15094.479  1269.3            
15191.903  1262.9            
15289.314  1253.9            
15386.711  1238.9            
15484.096  1228.9            
15581.467  1221.4            
15678.826  1199.8            
15776.171  1184            
15873.504  1194.2            
15970.823  1200.7            
16068.13  1186            
16165.423  1170.5            
16262.703  1177.2            
16359.971  1169.8            
16457.225  1163.1            
16554.466  1158.3            
16651.695  1153.6            
16748.91  1154.2            
16846.112  1157.4            
16943.302  1167.9            
17040.478  1159.7            
17137.641  1162.8            
17234.792  1139.8            
17331.929  1138.5            
17429.053  1143.9            
17526.165  1152.5            
17623.263  1134.9            
17720.348  1128.9            
17817.42  1138.1            
17914.48  1139.4            
18011.526  1148            
18108.56  1141.4            
18205.58  1142.3            
18302.587  1124.2            
18399.582  1117.5            
18496.563  1133.2            
18593.532  1146.4            
18690.487  1138.6            
18787.43  1133.1            
18884.359  1133.7            
18981.276  1140.6            
19078.179  1143.7            
19175.07  1131.3            
19271.947  1136.1            
19368.812  1138            
19465.664  1145.4            
19562.503  1154.2            
19659.328  1155.8            
19756.141  1153.6            
19852.941  1145.5            
19949.728  1150.2            
20046.502  1156.2            
20143.263  1150            
20240.011  1151.7            
20336.746  1154.2            
20433.468  1155            
20530.177  1154.8            
20626.873  1163.6            
20723.557  1164.1            
20820.227  1154.6            
20916.884  1156.5            
21013.529  1154.4            
21110.16  1163.2            
21206.779  1166.8            
21303.384  1162            
21399.977  1165.2            
21496.557  1177.5            
21593.124  1179.2            
21689.677  1176            
21786.218  1180.2            
21882.746  1166.9            
21979.261  1163.5            
22075.764  1165.1            
22172.253  1160.9            
22268.729  1151.7            
22365.193  1148.2            
22461.643  1142            
22558.081  1129.8            
22654.505  1122.4            
22750.917  1126            
22847.316  1123.3            
22943.702  1116.2            
23040.075  1108.4            
23136.435  1102.8            
23232.782  1099.9            
23329.116  1103.8            
23425.437  1099.5            
23521.746  1101.3            
23618.041  1098.1            
23714.324  1103.7            
23810.594  1096.7            
23906.85  1088.6            
24003.094  1088.4            
24099.325  1083.8            
24195.544  1075            
24291.749  1077.5            
24387.941  1071.7            
24484.121  1070.8            
24580.287  1070.6            
24676.441  1076.1            
24772.582  1069.2            
24868.71  1062.8            
24964.825  1070.9            
25060.927  1071            
25157.016  1063.5            
25253.092  1066.8            
25349.156  1066.9            
25445.207  1077.9            
25541.244  1073.2            
25637.269  1062.3            
25733.281  1059.2            
25829.281  1062.2            
25925.267  1066.4            
26021.24  1063.7            
26117.201  1054.7            
26213.148  1046.7            
26309.083  1045.7            
26405.005  1056.6            
26500.914  1050            
26596.811  1042.7            
26692.694  1054.3            
26788.565  1062.2            
26884.422  1056.9            
26980.267  1054.8            
27076.099  1048.6            
27171.918  1051.3            
27267.725  1054.5            
27363.518  1055.2            
27459.299  1048.3            
27555.066  1053.6            
27650.821  1061.2            
27746.563  1062.6            
27842.293  1054.5            
27938.009  1052.6            
28033.713  1051            
28129.403  1053            
28225.081  1056            
28320.746  1057.3            
28416.399  1049.5            
28512.038  1050.4            
28607.665  1050.6            
28703.278  1054.7            
28798.879  1054.2            
28894.467  1051            
28990.043  1057            
29085.605  1057.9            
29181.155  1057.6            
29276.692  1047.8            
29372.216  1052.7            
29467.727  1057.2            
29563.225  1047            
29658.711  1055            
29754.184  1058.2            
29849.644  1056.1            
29945.091  1066            
30040.525  1058.3            
30135.947  1050.9            
30231.355  1052.6            
30326.751  1053.7            
30422.134  1052.3            
30517.505  1062.5            
30612.862  1052.5            
30708.207  1056.9            
30803.539  1057.1            
30898.858  1055.5            
30994.165  1049.7            
31089.458  1056.8            
31184.739  1053.3            
31280.007  1052.2            
31375.262  1057.4            
31470.505  1055.2            
31565.734  1050.6            
31660.951  1047.6            
31756.156  1041.4            
31851.347  1050.8            
31946.525  1047.8            
32041.691  1044            
32136.844  1053.3            
32231.984  1053.8            
32327.112  1055.6            
32422.227  1048.4            
32517.329  1051.6            
32612.418  1043.8            
32707.494  1045.6            
32802.558  1048.3            
32897.609  1057.9            
32992.647  1056.7            
33087.672  1054.2            
33182.685  1049.3            
33277.685  1055.6            
33372.672  1055.4            
33467.646  1050.9            
33562.608  1048.1            
33657.557  1048.6            
33752.493  1055.1            
33847.416  1053.4            
33942.327  1051.5            
34037.224  1047.6            
34132.11  1054            
34226.982  1047.6            
34321.842  1048.9            
34416.689  1055.5            
34511.523  1055            
34606.344  1061.7            
34701.153  1060.9            
34795.949  1050.4            
34890.732  1051.8            
34985.503  1049.2            
35080.26  1054.2            
35175.005  1056.2            
35269.738  1060.5            
35364.457  1057.8            
35459.164  1049.9            
35553.858  1053.3            
35648.54  1041.6            
35743.208  1049.9            
35837.865  1052.3            
35932.508  1061.8            
36027.138  1058.9            
36121.756  1049.3            
36216.361  1043.5            
36310.954  1052.5            
36405.534  1050.9            
36500.101  1058.7            
36594.655  1054.2            
36689.197  1053.1            
36783.726  1051            
36878.242  1053.4            
36972.745  1053.8            
37067.236  1053.6            
37161.714  1055.2            
37256.18  1044.3            
37350.632  1051.4            
37445.072  1060.7            
37539.5  1057.6            
37633.915  1057            
37728.316  1051.8            
37822.706  1052.8            
37917.082  1064.3            
38011.446  1060.9            
38105.798  1056.1            
38200.136  1066.4            
38294.462  1060.4            
38388.775  1057.7            
38483.076  1061.4            
38577.364  1068.2            
38671.639  1061.3            
38765.901  1057.6            
38860.151  1062.8            
38954.388  1062.1            
39048.613  1060.5            
39142.825  1064.6            
39237.024  1066.9            
39331.211  1072            
39425.384  1063.6            
39519.546  1064.4            
39613.694  1071.2            
39707.83  1071.7            
39801.953  1060.9            
39896.064  1065.2            
39990.162  1070.5            
40084.247  1076            
40178.32  1072.6            
40272.38  1085.1            
40366.427  1070.6            
40460.462  1071.1            
40554.484  1069.8            
40648.493  1065.4            
40742.49  1071.7            
40836.474  1073.1            
40930.446  1074.5            
41024.404  1073.5            
41118.351  1083.6            
41212.284  1083            
41306.205  1077.4            
41400.113  1086.3            
41494.009  1084.8            
41587.892  1079.5            
41681.763  1075.7            
41775.62  1069.9            
41869.466  1076.6            
41963.298  1085.5            
42057.118  1075.9            
42150.925  1075.8            
42244.72  1082.1            
42338.502  1082.2            
42432.272  1074.2            
42526.029  1068.9            
42619.773  1069.9            
42713.504  1070.5            
42807.223  1083.8            
42900.93  1086.2            
42994.624  1078.6            
43088.305  1071.1            
43181.973  1071.1            
43275.629  1076.2            
43369.273  1088.4            
43462.904  1076.1            
43556.522  1071.2            
43650.127  1072.7            
43743.72  1073.9            
43837.301  1094            
43930.869  1087.2            
44024.424  1080.2            
44117.967  1073.7            
44211.497  1068.6            
44305.014  1067.5            
44398.519  1076.1            
44492.011  1072.5            
44585.491  1068.3            
44678.958  1054.5            
44772.413  1056.9            
44865.855  1060.7            
44959.284  1068.7            
45052.701  1076.1            
45146.105  1074.5            
45239.497  1072.8            
45332.876  1059.3            
45426.243  1072.9            
45519.597  1074.8            
45612.938  1080.2            
45706.267  1074.3            
45799.583  1064.7            
45892.887  1063.4            
45986.178  1065.1            
46079.457  1060.5            
46172.723  1068.1            
46265.976  1072            
46359.217  1074.6            
46452.445  1074            
46545.661  1086.4            
46638.865  1083.5            
46732.055  1087.9            
46825.233  1082.4            
46918.399  1073            
47011.552  1071.5            
47104.693  1075.1            
47197.821  1083.1            
47290.936  1074.5            
47384.039  1072            
47477.13  1080.4            
47570.207  1091.2            
47663.273  1094.7            
47756.325  1095.2            
47849.366  1098.2            
47942.393  1085.2            
48035.409  1089.5            
48128.411  1088.6            
48221.401  1092.8            
48314.379  1098.3            
48407.344  1089.8            
48500.297  1087.3            
48593.237  1096.9            
48686.164  1100.3            
48779.079  1098.4            
48871.982  1107.3            
48964.872  1109.9            
49057.749  1102.1            
49150.614  1106.4            
49243.467  1105.5            
49336.307  1112            
49429.134  1110.3            
49521.949  1111.3            
49614.751  1106.5            
49707.541  1107.9            
49800.319  1105.6            
49893.084  1109.6            
49985.836  1105.7            
50078.576  1118.4            
50171.303  1110.8            
50264.018  1109.5            
50356.721  1111.4            
50449.411  1119.4            
50542.088  1115.2            
50634.753  1123.4            
50727.406  1116.7            
50820.046  1117.3            
50912.673  1122.9            
51005.288  1128.2            
51097.891  1121.6            
51190.481  1127.8            
51283.058  1122.1            
51375.623  1121.4            
51468.176  1124.8            
51560.716  1126.3            
51653.244  1146.4            
51745.759  1146.5            
51838.262  1142            
51930.752  1132.9            
52023.23  1129.9            
52115.695  1135.2            
52208.148  1145.3            
52300.589  1134.3            
52393.016  1132.2            
52485.432  1137.8            
52577.835  1140            
52670.226  1140.8            
52762.604  1141.8            
52854.969  1139.4            
52947.323  1138.1            
53039.663  1136.4            
53131.992  1126.7            
53224.307  1117.6            
53316.611  1120.1            
53408.902  1133.3            
53501.18  1142.7            
53593.446  1137.4            
53685.7  1139.2            
53777.941  1143.2            
53870.17  1144.9            
53962.386  1131.6            
54054.59  1128.3            
54146.782  1130.6            
54238.961  1129.1            
54331.127  1128.2            
54423.281  1130.4            
54515.423  1134.6            
54607.552  1120.7            
54699.669  1116.1            
54791.774  1106.8            
54883.866  1120.5            
54975.945  1128.6            
55068.012  1131.8            
55160.067  1123.6            
55252.109  1110.6            
55344.139  1100.2            
55436.157  1107.9            
55528.162  1117            
55620.155  1118.1            
55712.135  1117.7            
55804.103  1112            
55896.058  1116.3            
55988.001  1118.5            
56079.932  1106.5            
56171.85  1104.5            
56263.756  1116.3            
56355.649  1115            
56447.53  1116.8            
56539.399  1110.4            
56631.255  1119.2            
56723.099  1113            
56814.93  1112.9            
56906.749  1115.2            
56998.556  1120.1            
57090.35  1123.5            
57182.132  1123.8            
57273.902  1125.8            
57365.659  1129.8            
57457.404  1134.3            
57549.136  1127.9            
57640.856  1127.3            
57732.563  1120.3            
57824.259  1123.4            
57915.941  1117.3            
58007.612  1121.8            
58099.27  1134.1            
58190.916  1126.1            
58282.549  1120.6            
58374.17  1118.8            
58465.779  1121.2            
58557.375  1128.4            
58648.959  1133.3            
58740.53  1127.6            
58832.089  1118.5            
58923.636  1114.8            
59015.171  1126.6            
59106.693  1131.5            
59198.202  1124.2            
59289.7  1133.4            
59381.185  1144.9            
59472.657  1143.5            
59564.118  1142.5            
59655.565  1136.1            
59747.001  1140.6            
59838.424  1138.2            
59929.835  1133.6            
60021.234  1143.8            
60112.62  1139.6            
60203.994  1130.9            
60295.355  1124.8            
60386.704  1144.1            
60478.041  1153.5            
60569.366  1148.7            
60660.678  1148.8            
60751.978  1161.4            
60843.265  1163.9            
60934.541  1162.9            
61025.803  1159.6            
61117.054  1148.7            
61208.292  1145.4            
61299.518  1156.7            
61390.732  1163.6            
61481.933  1165.3            
61573.122  1164.5            
61664.298  1173.6            
61755.463  1166.9            
61846.615  1168.8            
61937.754  1157.6            
62028.881  1167.3            
62119.996  1157.6            
62211.099  1154.7            
62302.19  1160            
62393.268  1159.5            
62484.333  1163.3            
62575.387  1166            
62666.428  1173.4            
62757.457  1170.4            
62848.474  1170.9            
62939.478  1165.4            
63030.47  1169.2            
63121.449  1179.2            
63212.417  1181.1            
63303.372  1181.7            
63394.315  1165.5            
63485.245  1162.7            
63576.163  1168.7            
63667.069  1170.6            
63757.963  1168.2            
63848.844  1159.8            
63939.713  1168            
64030.57  1166.3            
64121.415  1169.1            
64212.247  1165.4            
64303.067  1162.8            
64393.875  1148.9            
64484.67  1151.3            
64575.453  1142.7            
64666.224  1151.7            
64756.983  1155.7            
64847.729  1152.9            
64938.463  1153.9            
65029.185  1138.4            
65119.894  1131.3            
65210.591  1129.4            
65301.276  1124.1            
65391.949  1121.3            
65482.61  1122.7            
65573.258  1128.4            
65663.894  1119.2            
65754.517  1115.6            
65845.129  1119.1            
65935.728  1116.2            
66026.315  1099.6            
66116.89  1104.9            
66207.452  1087.3            
66298.002  1091.4            
66388.54  1095.2            
66479.066  1095            
66569.579  1086.7            
66660.08  1089.2            
66750.569  1083.7            
66841.046  1083.4            
66931.511  1083.7            
67021.963  1084.3            
67112.403  1072            
67202.831  1067.7            
67293.246  1068            
67383.65  1072.3            
67474.041  1075.6            
67564.42  1075.9            
67654.786  1075.2            
67745.141  1055.2            
67835.483  1056.5            
67925.813  1061.7            
68016.13  1061.8            
68106.436  1065.7            
68196.729  1065.9            
68287.01  1074.8            
68377.279  1068.1            
68467.536  1067.7            
68557.78  1061.4            
68648.013  1067.6            
68738.233  1075.7            
68828.44  1064.5            
68918.636  1064.1            
69008.819  1062.9            
69098.991  1076.3            
69189.15  1077.5            
69279.296  1076.7            
69369.431  1079.6            
69459.553  1076.9            
69549.664  1067.6            
69639.762  1061.3            
69729.848  1058.2            
69819.921  1055.8            
69909.983  1058.6            
70000.032  1061.5            
70090.069  1058.7            
70180.094  1055.7            
70270.106  1052.9            
70360.107  1050.4            
70450.095  1053.1            
70540.071  1050.8            
70630.035  1056.5            
70719.987  1063.4            
70809.927  1053.4            
70899.854  1047            
70989.769  1047.9            
71079.672  1041.4            
71169.563  1042.9            
71259.442  1049.2            
71349.308  1047.6            
71439.163  1050.9            
71529.005  1037            
71618.835  1032.2            
71708.653  1036.3            
71798.459  1040.5            
71888.252  1052            
71978.034  1049.5            
72067.803  1041.3            
72157.56  1032.3            
72247.305  1028.4            
72337.038  1031.2            
72426.758  1028.8            
72516.467  1036.2            
72606.163  1044.3            
72695.847  1044.3            
72785.519  1039.1            
72875.179  1041.9            
72964.827  1040.5            
73054.463  1035.2            
73144.086  1030.8            
73233.697  1030.8            
73323.297  1032.6            
73412.884  1038.2            
73502.458  1045            
73592.021  1045.9            
73681.572  1041.4            
73771.11  1044.9            
73860.637  1043.5            
73950.151  1037.1            
74039.653  1032.2            
74129.143  1034.8            
74218.621  1036.7            
74308.087  1034.9            
74397.54  1041.4            
74486.982  1036.9            
74576.411  1035.1            
74665.828  1031.7            
74755.234  1038.2            
74844.627  1033.1            
74934.008  1026.1            
75023.376  1028.6            
75112.733  1028.4            
75202.078  1029.8            
75291.41  1029.9            
75380.73  1023.6            
75470.039  1012.2            
75559.335  1019.1            
75648.619  1031.1            
75737.891  1033.2            
75827.151  1035.9            
75916.398  1025.6            
76005.634  1018.7            
76094.858  1016.7            
76184.069  1019.2            
76273.269  1019.5            
76362.456  1014.5            
76451.631  1019.9            
76540.794  1016.1            
76629.945  1022            
76719.084  1026.2            
76808.211  1024.1            
76897.326  1010.8            
76986.428  1010.4            
77075.519  1016.7            
77164.597  1023            
77253.664  1017.1            
77342.718  1018.3            
77431.761  1012.6            
77520.791  1013.4            
77609.809  1022            
77698.815  1017.7            
77787.809  1015            
77876.791  1015.3            
77965.761  1015.1            
78054.719  1004.1            
78143.664  1006.4            
78232.598  1009.7            
78321.52  1015.9            
78410.429  1020.3            
78499.327  1027.8            
78588.212  1022.5            
78677.085  1021.6            
78765.947  1008.6            
78854.796  1007.1            
78943.633  1018.9            
79032.458  1010.7            
79121.272  1010            
79210.073  1014.8            
79298.862  1010.6            
79387.639  1002.7            
79476.404  1002.3            
79565.156  1014.3            
79653.897  1016.7            
79742.626  1003.2            
79831.343  1003.9            
79920.048  1007.7            
80008.74  1008.7            
80097.421  1010.6            
80186.09  1018.6            
80274.746  1008.5            
80363.391  1004.7            
80452.023  1008.2            
80540.644  1006.9            
80629.252  1003.9            
80717.849  1010.4            
80806.433  1015.3            
80895.006  1006.4            
