15.20 re             
x       y           
[m<sup>-1</sup>]     [CCD cts]         
4878.7689  785.79999            
4977.6524  787.29999            
5076.5227  786.70001            
5175.3799  787.40002            
5274.2239  786.90002            
5373.0548  786.20001            
5471.8725  787            
5570.6771  787.29999            
5669.4685  786.70001            
5768.2467  787.29999            
5867.0118  787.29999            
5965.7638  787            
6064.5026  787.40002            
6163.2283  787.29999            
6261.9408  787            
6360.6402  786.90002            
6459.3264  787.5            
6557.9996  786.59998            
6656.6595  787.20001            
6755.3064  786.59998            
6853.9401  786.79999            
6952.5606  786.70001            
7051.1681  786.70001            
7149.7624  787.29999            
7248.3436  786.90002            
7346.9116  786.79999            
7445.4666  787.20001            
7544.0084  786.79999            
7642.5371  787.5            
7741.0526  787.29999            
7839.5551  786.79999            
7938.0444  786.59998            
8036.5206  786.70001            
8134.9837  786.90002            
8233.4337  787.59998            
8331.8706  787.20001            
8430.2943  787.40002            
8528.705  787            
8627.1025  787            
8725.487  787.29999            
8823.8583  787.20001            
8922.2166  787.79999            
9020.5617  787.09998            
9118.8937  787            
9217.2127  787.90002            
9315.5185  787.59998            
9413.8113  787.79999            
9512.0909  788.09998            
9610.3575  788.70001            
9708.6109  790.09998            
9806.8513  791.79999            
9905.0786  795.79999            
10003.293  802.59998            
10101.494  816.40002            
10199.682  842.5            
10297.857  885.90002            
10396.019  934.09998            
10494.168  981.70001            
10592.303  1000.8            
10690.426  991.09998            
10788.536  970.79999            
10886.632  950.20001            
10984.715  940.40002            
11082.786  936.5            
11180.843  943.90002            
11278.887  939.29999            
11376.918  945.09998            
11474.937  955.79999            
11572.942  960.70001            
11670.934  971.09998            
11768.912  986.40002            
11866.878  993.5            
11964.831  991.59998            
12062.771  983.29999            
12160.698  982.09998            
12258.611  990.29999            
12356.512  983.90002            
12454.399  978.90002            
12552.274  970.70001            
12650.135  971.20001            
12747.984  953.59998            
12845.819  957.59998            
12943.641  961.40002            
13041.451  957.09998            
13139.247  951.5            
13237.03  956.59998            
13334.8  956            
13432.557  963.59998            
13530.301  959.90002            
13628.032  958.09998            
13725.75  959.5            
13823.455  963.09998            
13921.147  973.40002            
14018.826  970.09998            
14116.492  968            
14214.145  970.79999            
14311.785  973            
14409.412  980.70001            
14507.026  984.5            
14604.627  989.09998            
14702.214  1002.5            
14799.789  1003.4            
14897.351  1015.7            
14994.9  1025.1            
15092.435  1030.5            
15189.958  1021.4            
15287.468  1005.4            
15384.965  997.5            
15482.448  990.40002            
15579.919  980.40002            
15677.377  979.40002            
15774.822  966.79999            
15872.253  957.09998            
15969.672  950.59998            
16067.078  950.70001            
16164.471  949.09998            
16261.85  942.20001            
16359.217  943.29999            
16456.571  941.70001            
16553.912  933            
16651.24  930.5            
16748.554  933.79999            
16845.856  934.09998            
16943.145  931.90002            
17040.421  936.29999            
17137.684  934.70001            
17234.934  934.79999            
17332.171  935.90002            
17429.395  930.29999            
17526.606  924.29999            
17623.804  924.90002            
17720.989  924.70001            
17818.161  924.20001            
17915.32  922.70001            
18012.466  924.90002            
18109.6  926.59998            
18206.72  926            
18303.827  928.59998            
18400.921  928.70001            
18498.003  930.5            
18595.071  929.5            
18692.127  930.5            
18789.169  930.5            
18886.199  933            
18983.215  934.5            
19080.219  933.59998            
19177.21  929.79999            
19274.187  925.09998            
19371.152  931.90002            
19468.104  931            
19565.043  935.90002            
19661.969  942.29999            
19758.882  937.70001            
19855.782  939.70001            
19952.669  934.29999            
20049.544  936.5            
20146.405  934.79999            
20243.253  934            
20340.089  937.20001            
20436.911  937.70001            
20533.721  944.90002            
20630.517  941            
20727.301  945.09998            
20824.072  944.79999            
20920.83  939.70001            
21017.575  939.79999            
21114.307  939            
21211.026  944.90002            
21307.732  946.90002            
21404.426  952            
21501.106  952.90002            
21597.774  952.70001            
21694.428  950.90002            
21791.07  958.29999            
21887.699  953.59998            
21984.314  949.5            
22080.917  945.59998            
22177.507  938.20001            
22274.085  944            
22370.649  933.20001            
22467.2  929.70001            
22563.739  923.59998            
22660.264  923.20001            
22756.777  917.90002            
22853.277  917.20001            
22949.764  912.5            
23046.238  907.5            
23142.699  901.59998            
23239.147  902.59998            
23335.582  902.79999            
23432.005  896.70001            
23528.414  903.09998            
23624.811  904.59998            
23721.195  901            
23817.566  899.79999            
23913.924  896.70001            
24010.269  893.90002            
24106.601  893.90002            
24202.921  893.20001            
24299.227  897.59998            
24395.521  891.5            
24491.802  888.09998            
24588.07  896.70001            
24684.325  892.20001            
24780.567  890.79999            
24876.797  884.29999            
24973.013  888.90002            
25069.217  882.90002            
25165.408  883.90002            
25261.586  883.29999            
25357.751  882            
25453.903  882.40002            
25550.043  880.40002            
25646.169  884            
25742.283  883.40002            
25838.384  883.70001            
25934.472  880.20001            
26030.547  886.20001            
26126.609  882.90002            
26222.659  881            
26318.695  876.40002            
26414.719  878.90002            
26510.73  883.90002            
26606.728  880.29999            
26702.714  877.29999            
26798.686  877.29999            
26894.646  882.20001            
26990.592  879.29999            
27086.526  880.5            
27182.448  877.79999            
27278.356  876.29999            
27374.251  878.5            
27470.134  877.5            
27566.004  873.70001            
27661.861  875.70001            
27757.705  876.59998            
27853.537  879.90002            
27949.355  879.5            
28045.161  878.20001            
28140.954  877            
28236.734  877.90002            
28332.502  878.79999            
28428.256  877.90002            
28523.998  878.09998            
28619.727  880            
28715.443  878.70001            
28811.146  872.5            
28906.837  872.09998            
29002.515  871.70001            
29098.18  875.90002            
29193.832  877.20001            
29289.471  876.79999            
29385.098  879.59998            
29480.711  879.59998            
29576.312  878.79999            
29671.901  879.5            
29767.476  878.29999            
29863.039  883.70001            
29958.588  879.40002            
30054.126  879.70001            
30149.65  878.79999            
30245.161  876.79999            
30340.66  876            
30436.146  880.29999            
30531.619  878            
30627.079  879.79999            
30722.527  876.5            
30817.962  876            
30913.384  878.70001            
31008.793  879            
31104.19  879.29999            
31199.574  875.29999            
31294.945  877.20001            
31390.303  877.5            
31485.648  879.70001            
31580.981  878.40002            
31676.301  878            
31771.608  883.20001            
31866.903  881.09998            
31962.184  878.40002            
32057.453  879.29999            
32152.71  878.20001            
32247.953  878            
32343.184  878            
32438.402  877.59998            
32533.607  873.70001            
32628.799  876.59998            
32723.979  879.40002            
32819.146  880.40002            
32914.3  875.79999            
33009.442  878.70001            
33104.571  882.09998            
33199.687  883.5            
33294.79  879.20001            
33389.881  878.59998            
33484.958  876.5            
33580.024  875.90002            
33675.076  877.79999            
33770.116  875.70001            
33865.142  874.5            
33960.157  875.20001            
34055.158  872.90002            
34150.147  876.59998            
34245.123  876.20001            
34340.086  875.90002            
34435.037  876.79999            
34529.975  875.59998            
34624.9  870.90002            
34719.813  871.79999            
34814.712  872.79999            
34909.599  873.59998            
35004.474  876.59998            
35099.335  875.70001            
35194.184  872.70001            
35289.021  872            
35383.844  875.20001            
35478.655  878.29999            
35573.453  877            
35668.238  873.59998            
35763.011  873.40002            
35857.771  873            
35952.519  874.70001            
36047.253  874.70001            
36141.975  875            
36236.685  878.5            
36331.381  874.29999            
36426.065  872.09998            
36520.736  875.40002            
36615.395  878.40002            
36710.041  878.29999            
36804.674  874.90002            
36899.294  875            
36993.902  875            
37088.497  878.40002            
37183.08  873.90002            
37277.65  877.09998            
37372.207  874.09998            
37466.751  874.79999            
37561.283  876.09998            
37655.802  872.29999            
37750.309  875.5            
37844.802  872.59998            
37939.284  875.09998            
38033.752  878            
38128.208  880.09998            
38222.651  875.29999            
38317.081  873.20001            
38411.499  880.79999            
38505.904  881.5            
38600.297  879.20001            
38694.677  878.5            
38789.044  876.29999            
38883.399  878.40002            
38977.741  885.20001            
39072.07  880.20001            
39166.387  879.70001            
39260.691  878            
39354.982  879.09998            
39449.261  877.70001            
39543.527  877            
39637.78  882.90002            
39732.021  881.29999            
39826.249  879.59998            
39920.465  881            
40014.668  881            
40108.858  879.70001            
40203.036  883.79999            
40297.201  882.90002            
40391.353  886.70001            
40485.493  886.29999            
40579.62  883.40002            
40673.735  883.79999            
40767.836  888.5            
40861.926  890.20001            
40956.002  889.20001            
41050.066  888.5            
41144.118  890.5            
41238.157  887.20001            
41332.183  891.40002            
41426.197  892.29999            
41520.198  887.59998            
41614.186  886.40002            
41708.162  891.20001            
41802.125  893.59998            
41896.076  890.5            
41990.014  891.40002            
42083.939  890.79999            
42177.852  887.70001            
42271.752  886.40002            
42365.64  889            
42459.515  887.09998            
42553.377  890.29999            
42647.227  886.20001            
42741.064  888            
42834.889  890.40002            
42928.701  887.29999            
43022.5  888.09998            
43116.287  888.90002            
43210.061  885.90002            
43303.823  886            
43397.572  889.40002            
43491.309  893.40002            
43585.033  891.09998            
43678.744  887.40002            
43772.443  889.70001            
43866.129  888.90002            
43959.803  891            
44053.464  889.29999            
44147.113  885.59998            
44240.749  886.29999            
44334.372  889            
44427.983  888.09998            
44521.581  885.90002            
44615.167  885.09998            
44708.74  884.79999            
44802.301  885.5            
44895.849  886.09998            
44989.384  887.5            
45082.907  888.79999            
45176.418  889.29999            
45269.916  887.70001            
45363.401  887.59998            
45456.874  892.59998            
45550.334  890.59998            
45643.781  888.59998            
45737.217  885.90002            
45830.639  887.79999            
45924.049  887.90002            
46017.447  885.29999            
46110.832  885.79999            
46204.204  890.5            
46297.564  889.09998            
46390.911  887.5            
46484.246  890.5            
46577.568  895.40002            
46670.878  889            
46764.175  893.40002            
46857.46  889.5            
46950.732  890.20001            
47043.992  890.5            
47137.239  892.70001            
47230.474  892            
47323.696  893.70001            
47416.905  892.5            
47510.102  888.59998            
47603.287  891.70001            
47696.459  896.40002            
47789.618  893.20001            
47882.765  890.09998            
47975.9  896.79999            
48069.022  900.70001            
48162.131  899.70001            
48255.228  898.40002            
48348.313  896.70001            
48441.385  899.90002            
48534.444  903.40002            
48627.491  902.90002            
48720.525  902.70001            
48813.547  900.59998            
48906.557  904.90002            
48999.554  907.79999            
49092.538  902.09998            
49185.51  902.29999            
49278.47  908.09998            
49371.417  909.40002            
49464.351  907.40002            
49557.273  908.29999            
49650.183  905.29999            
49743.08  910.79999            
49835.964  905.70001            
49928.836  909.70001            
50021.696  910.29999            
50114.543  908.29999            
50207.378  911.5            
50300.2  909            
50393.01  909.59998            
50485.807  912.29999            
50578.592  911.09998            
50671.364  913.79999            
50764.124  913.59998            
50856.871  909.5            
50949.606  910.40002            
51042.329  913.40002            
51135.039  913.09998            
51227.736  915.09998            
51320.421  917.09998            
51413.094  920.09998            
51505.754  924.5            
51598.402  923.09998            
51691.037  923.59998            
51783.66  918.70001            
51876.27  916            
51968.868  922.79999            
52061.453  921.59998            
52154.026  921.20001            
52246.587  920.79999            
52339.135  922.5            
52431.671  918.79999            
52524.194  923.79999            
52616.705  921            
52709.203  925.09998            
52801.689  926.09998            
52894.163  929            
52986.624  929.29999            
53079.072  924.79999            
53171.508  923.09998            
53263.932  922.70001            
53356.343  925.59998            
53448.742  930.20001            
53541.129  923.09998            
53633.503  921.29999            
53725.864  923.59998            
53818.214  922.5            
53910.55  920.40002            
54002.875  925.5            
54095.187  920.29999            
54187.486  927.90002            
54279.773  925.09998            
54372.048  922            
54464.31  919.70001            
54556.56  927.70001            
54648.798  923.90002            
54741.023  925            
54833.236  925.90002            
54925.436  923.79999            
55017.624  923.70001            
55109.799  921.79999            
55201.962  915.29999            
55294.113  919.79999            
55386.251  918.70001            
55478.377  918.70001            
55570.491  917.79999            
55662.592  923.29999            
55754.68  920.09998            
55846.757  919.59998            
55938.821  918            
56030.872  918.70001            
56122.911  911.40002            
56214.938  915.09998            
56306.952  919.29999            
56398.954  923.09998            
56490.944  922.59998            
56582.921  917.90002            
56674.886  920.5            
56766.839  922.79999            
56858.779  913.20001            
56950.706  917.29999            
57042.622  923.5            
57134.525  923            
57226.415  922.20001            
57318.294  914.70001            
57410.159  918.20001            
57502.013  920.5            
57593.854  919.5            
57685.683  923.09998            
57777.499  917.79999            
57869.304  922            
57961.095  922.79999            
58052.875  924.5            
58144.642  921.09998            
58236.396  927.20001            
58328.139  926.40002            
58419.869  925.20001            
58511.586  924.79999            
58603.291  927.29999            
58694.984  933.70001            
58786.665  926.09998            
58878.333  921.90002            
58969.989  926.79999            
59061.633  925.20001            
59153.264  932.70001            
59244.883  934.09998            
59336.489  930            
59428.083  932.70001            
59519.665  930.70001            
59611.235  924.70001            
59702.792  931.40002            
59794.337  937.40002            
59885.869  932.20001            
59977.39  934.59998            
60068.897  935.29999            
60160.393  932.40002            
60251.876  937.29999            
60343.347  934.40002            
60434.806  932.79999            
60526.252  931.59998            
60617.686  932.79999            
60709.108  941.40002            
60800.517  939.70001            
60891.914  938.29999            
60983.299  939.79999            
61074.671  942.5            
61166.031  945.79999            
61257.379  943            
61348.715  948.29999            
61440.038  957.90002            
61531.349  956.70001            
61622.647  957.29999            
61713.933  956            
61805.207  955.79999            
61896.469  952.09998            
61987.718  955.5            
62078.956  958            
62170.18  957.70001            
62261.393  966            
62352.593  968.59998            
62443.781  968.09998            
62534.957  970.70001            
62626.12  966.59998            
62717.271  977.90002            
62808.41  972.90002            
62899.536  970.79999            
62990.651  974.90002            
63081.752  972.70001            
63172.842  971.5            
63263.92  970.20001            
63354.985  976            
63446.037  972.20001            
63537.078  975            
63628.106  977.29999            
63719.122  977.29999            
63810.126  979.5            
63901.118  972.20001            
63992.097  970.5            
64083.064  974.90002            
64174.018  972.70001            
64264.961  974.70001            
64355.891  970.90002            
64446.809  971.5            
64537.715  967.90002            
64628.608  962.59998            
64719.489  965.40002            
64810.358  962.29999            
64901.215  959            
64992.059  962.90002            
65082.891  964.40002            
65173.711  960.5            
65264.519  950.70001            
65355.314  946.09998            
65446.097  938.79999            
65536.868  932.90002            
65627.627  932.20001            
65718.374  935.59998            
65809.108  931.09998            
65899.83  930.79999            
65990.539  930.90002            
66081.237  925.79999            
66171.922  919.70001            
66262.595  915.20001            
66353.256  914.90002            
66443.905  913.79999            
66534.541  909.20001            
66625.165  905.29999            
66715.777  905.29999            
66806.377  909.90002            
66896.964  904.20001            
66987.539  904.29999            
67078.103  901.79999            
67168.653  899.90002            
67259.192  893.5            
67349.718  895.79999            
67440.233  895            
67530.734  895.29999            
67621.224  890.40002            
67711.702  889.20001            
67802.167  887.29999            
67892.62  888.29999            
67983.061  887.59998            
68073.49  889.40002            
68163.906  887.59998            
68254.311  883.20001            
68344.703  880.20001            
68435.083  884.79999            
68525.451  883.09998            
68615.806  883.59998            
68706.149  880.90002            
68796.481  887.70001            
68886.8  883.70001            
68977.106  881.29999            
69067.401  881.5            
69157.683  881.70001            
69247.954  881.59998            
69338.212  881            
69428.457  876.20001            
69518.691  881.5            
69608.913  877.90002            
69699.122  878.79999            
69789.319  876.09998            
69879.504  877.79999            
69969.677  875.5            
70059.837  873.20001            
70149.986  873.09998            
70240.122  875            
70330.246  873.29999            
70420.358  873.79999            
70510.458  874.5            
70600.546  874.09998            
70690.621  878.09998            
70780.684  874.40002            
70870.735  874.20001            
70960.774  872.90002            
71050.801  873.40002            
71140.816  874.20001            
71230.818  869.40002            
71320.809  870.90002            
71410.787  870.79999            
71500.753  875.09998            
71590.707  872.70001            
71680.649  874.09998            
71770.578  870.09998            
71860.496  868.90002            
71950.401  867.5            
72040.294  867.79999            
72130.175  870.40002            
72220.044  872.59998            
72309.901  868.5            
72399.746  865.5            
72489.578  864.59998            
72579.398  864.20001            
72669.207  865.70001            
72759.003  865.09998            
72848.787  863.40002            
72938.559  864.79999            
73028.318  867.79999            
73118.066  866.09998            
73207.801  865.40002            
73297.525  864.79999            
73387.236  864.59998            
73476.935  867.09998            
73566.622  864.5            
73656.297  863.20001            
73745.96  862.79999            
73835.61  866.79999            
73925.249  868.5            
74014.875  866.20001            
74104.489  864.90002            
74194.092  867.5            
74283.682  864.5            
74373.26  864.70001            
74462.826  864.40002            
74552.379  863.5            
74641.921  859.70001            
74731.451  863.59998            
74820.968  862.70001            
74910.473  862.59998            
74999.967  863.29999            
75089.448  857.40002            
75178.917  859.90002            
75268.374  862.79999            
75357.819  859.5            
75447.252  861.29999            
75536.672  857.40002            
75626.081  858.90002            
75715.478  859.90002            
75804.862  858.90002            
75894.234  860            
75983.595  859.40002            
76072.943  860.29999            
76162.279  860.59998            
76251.603  858.20001            
76340.915  856.79999            
76430.215  861.5            
76519.503  860.90002            
76608.779  857            
76698.042  857.09998            
76787.294  855.20001            
76876.534  858.40002            
76965.761  856.90002            
77054.976  856.40002            
77144.18  855.79999            
77233.371  854.90002            
77322.55  857            
77411.718  855.20001            
77500.873  853.20001            
77590.016  856.79999            
77679.147  854.59998            
77768.266  855.5            
77857.373  856            
77946.468  856.29999            
78035.55  855.5            
78124.621  855.59998            
78213.68  856            
78302.727  857.40002            
78391.761  856.90002            
78480.784  857.59998            
78569.794  854.59998            
78658.793  855.90002            
78747.779  855.59998            
78836.754  851.79999            
78925.716  852            
79014.666  855.20001            
79103.605  856.20001            
79192.531  855.90002            
79281.445  855.40002            
79370.348  856.70001            
79459.238  857.29999            
79548.116  859.79999            
79636.982  855.09998            
79725.836  856.59998            
79814.678  857.29999            
79903.508  855.20001            
79992.327  857.5            
80081.133  853.59998            
80169.927  854.90002            
80258.709  854.20001            
80347.479  852            
80436.237  851.09998            
80524.983  852.59998            
80613.717  852.20001            
80702.439  854.79999            
80791.148  853.59998            
80879.846  850.90002            
80968.532  853.5            
81057.206  849            
81145.868  851.79999            
81234.518  850.59998            
81323.156  849.90002            
81411.782  850.09998            
81500.396  850.09998            
81588.998  850.79999            
81677.588  852.5            
81766.166  853.40002            
81854.732  852.5            
81943.286  853.09998            
82031.828  852.5            
82120.358  852.90002            
82208.876  852.29999            
82297.382  854.90002            
82385.876  851.09998            
82474.358  852            
82562.828  849.29999            
82651.286  851.79999            
82739.732  852.09998            
82828.167  856.5            
82916.589  855.90002            
83004.999  856.79999            
83093.397  851.90002            
83181.783  853.09998            
83270.158  851.90002            
83358.52  849.79999            
83446.87  851.29999            
83535.209  850.5            
83623.535  846.40002            
83711.85  847.29999            
83800.152  848.5            
83888.443  850.5            
83976.721  846.79999            
84064.988  849.79999            
84153.243  849.90002            
84241.486  850.20001            
84329.716  849.40002            
84417.935  849.59998            
84506.142  846.20001            
84594.337  849.90002            
84682.52  848.90002            
84770.691  847.70001            
84858.85  848.40002            
84946.997  846.29999            
85035.132  844.59998            
85123.256  843.09998            
85211.367  845.5            
85299.466  846.90002            
85387.554  844.70001            
85475.629  848.29999            
85563.693  842.20001            
85651.745  844.90002            
85739.784  844.70001            
85827.812  845.29999            
85915.828  845.29999            
86003.832  848            
86091.824  845.5            
86179.804  844.40002            
86267.772  841.09998            
86355.728  842.40002            
86443.673  846            
86531.605  844.90002            
86619.526  843.90002            
86707.434  847.79999            
86795.331  848.79999            
86883.216  846.20001            
86971.088  846.70001            
87058.949  845.20001            
87146.798  845.59998            
87234.635  848.59998            
87322.461  848.29999            
87410.274  844.20001            
87498.075  839.59998            
87585.865  841.70001            
87673.642  843.09998            
87761.408  845.40002            
87849.162  846.40002            
87936.904  846.5            
88024.634  843            
88112.352  843            
88200.058  843.70001            
88287.752  843.5            
88375.435  841.90002            
88463.105  848.70001            
88550.764  841.5            
88638.411  839.20001            
88726.046  843.79999            
88813.669  844.29999            
88901.28  843.09998            
88988.879  842.70001            
89076.466  844.09998            
89164.042  839.5            
89251.605  840.59998            
89339.157  841.79999            
89426.697  842.59998            
89514.225  840.40002            
89601.741  844.29999            
89689.245  843.40002            
89776.738  840.5            
89864.218  841.59998            
89951.687  841.40002            
90039.143  842.40002            
90126.588  840.79999            
90214.021  840.20001            
90301.443  841.09998            
90388.852  839.79999            
90476.249  840.09998            
90563.635  838.40002            
90651.009  840            
90738.371  839            
90825.721  838.09998            
90913.059  843.40002            
91000.385  842.20001            
