x       y           
[m<sup>-1</sup>]     [CCD cts]         
5472.792  784.59998            
5571.5011  784.79999            
5670.197  784.90002            
5768.8797  784.70001            
5867.5493  784.79999            
5966.2057  785.20001            
6064.8489  784.40002            
6163.4789  785.90002            
6262.0958  784.90002            
6360.6995  784.5            
6459.29  784.59998            
6557.8674  785.59998            
6656.4316  785.59998            
6754.9827  784.79999            
6853.5206  784.79999            
6952.0453  785.20001            
7050.5569  785.29999            
7149.0553  784.5            
7247.5406  784.79999            
7346.0127  785.20001            
7444.4717  784.90002            
7542.9175  784.79999            
7641.3502  784.79999            
7739.7697  784.79999            
7838.1761  785.59998            
7936.5694  785            
8034.9495  785.70001            
8133.3164  785            
8231.6703  786.20001            
8330.011  785.90002            
8428.3385  785.90002            
8526.6529  785.29999            
8624.9542  785.5            
8723.2424  785.79999            
8821.5174  786            
8919.7793  786.20001            
9018.0281  786.20001            
9116.2637  787.20001            
9214.4863  787.29999            
9312.6957  788.29999            
9410.892  789.70001            
9509.0751  792.5            
9607.2452  796.79999            
9705.4021  801            
9803.546  813.59998            
9901.6767  834.20001            
9999.7943  875.79999            
10097.899  963.29999            
10195.99  1121.6            
10294.068  1337.6            
10392.134  1576.3            
10490.186  1703.8            
10588.225  1703.2            
10686.25  1631.6            
10784.263  1545.7            
10882.263  1493.6            
10980.249  1453.2            
11078.223  1439.4            
11176.183  1433.8            
11274.131  1473            
11372.065  1516.9            
11469.986  1550.5            
11567.894  1591.6            
11665.789  1633.1            
11763.671  1686.6            
11861.54  1699.3            
11959.395  1673.2            
12057.238  1654.7            
12155.067  1680.4            
12252.884  1679            
12350.687  1670.2            
12448.478  1660            
12546.255  1654.6            
12644.019  1641.8            
12741.77  1591.8            
12839.508  1580.4            
12937.233  1588            
13034.945  1602            
13132.644  1615.5            
13230.33  1594.1            
13328.002  1607.1            
13425.662  1627.5            
13523.309  1641.7            
13620.942  1667.6            
13718.563  1675.9            
13816.17  1689.6            
13913.764  1693.1            
14011.346  1695.4            
14108.914  1729.2            
14206.469  1746.5            
14304.011  1756.9            
14401.541  1790.2            
14499.057  1841.2            
14596.56  1905.3            
14694.05  1961.7            
14791.527  2020.2            
14888.991  2117.6001            
14986.442  2224.7            
15083.879  2212.6001            
15181.304  2056.3999            
15278.716  1933.4            
15376.115  1839.3            
15473.501  1772.3            
15570.873  1723.8            
15668.233  1722.2            
15765.58  1708.4            
15862.913  1668.3            
15960.234  1596.7            
16057.542  1590            
16154.836  1592.9            
16252.118  1550.5            
16349.387  1542.4            
16446.642  1549            
16543.885  1539.5            
16641.114  1521.6            
16738.331  1494.3            
16835.534  1508.9            
16932.725  1534.5            
17029.902  1519.8            
17127.067  1478.3            
17224.218  1449.5            
17321.357  1463.3            
17418.482  1476.3            
17515.595  1480.3            
17612.694  1489.4            
17709.781  1469.3            
17806.855  1471.4            
17903.915  1460.7            
18000.963  1468.2            
18097.997  1470.2            
18195.019  1484.7            
18292.027  1491.6            
18389.023  1495.8            
18486.006  1502.7            
18582.975  1504.3            
18679.932  1527.5            
18776.876  1533.3            
18873.806  1510.5            
18970.724  1531            
19067.629  1518.5            
19164.521  1508.9            
19261.4  1511.2            
19358.266  1538.6            
19455.118  1546.3            
19551.958  1523.5            
19648.785  1532.6            
19745.599  1561.6            
19842.4  1570.5            
19939.189  1533.6            
20035.964  1516            
20132.726  1546.1            
20229.475  1569.3            
20326.211  1558.4            
20422.935  1553.7            
20519.645  1570.8            
20616.342  1610            
20713.027  1636.9            
20809.698  1631.5            
20906.357  1661.9            
21003.003  1685.9            
21099.635  1701.5            
21196.255  1679.3            
21292.862  1694.2            
21389.456  1770.7            
21486.037  1805.7            
21582.605  1772.2            
21679.16  1757.3            
21775.702  1772            
21872.231  1764.9            
21968.748  1727.8            
22065.251  1719.8            
22161.741  1673.4            
22258.219  1629.2            
22354.683  1589.5            
22451.135  1550.9            
22547.574  1514.6            
22644  1498.6            
22740.413  1485.8            
22836.813  1466.7            
22933.2  1464.7            
23029.574  1444            
23125.935  1441.7            
23222.283  1417.6            
23318.619  1416.2            
23414.941  1420.4            
23511.251  1401.9            
23607.548  1371.1            
23703.832  1346.2            
23800.103  1349.5            
23896.361  1348.8            
23992.606  1337.1            
24088.838  1327.4            
24185.057  1326.3            
24281.264  1316.1            
24377.457  1317.1            
24473.638  1319            
24569.806  1331.6            
24665.961  1317            
24762.103  1302            
24858.232  1287.8            
24954.348  1290.5            
25050.451  1279.7            
25146.542  1279            
25242.619  1284.4            
25338.684  1278.1            
25434.736  1274            
25530.775  1278.5            
25626.801  1271.6            
25722.814  1267.2            
25818.815  1266.4            
25914.802  1258.5            
26010.777  1257.6            
26106.739  1235.5            
26202.687  1236.4            
26298.623  1245.6            
26394.547  1239            
26490.457  1233.3            
26586.354  1235.4            
26682.239  1241            
26778.111  1236            
26873.97  1246            
26969.816  1249.2            
27065.649  1240.9            
27161.469  1235.8            
27257.277  1238.3            
27353.071  1228.3            
27448.853  1235.3            
27544.622  1238.5            
27640.378  1244.3            
27736.121  1237.2            
27831.852  1230.1            
27927.569  1224.5            
28023.274  1223.8            
28118.966  1230.9            
28214.645  1228.9            
28310.311  1236.3            
28405.965  1240.7            
28501.606  1232.9            
28597.233  1234.3            
28692.848  1238.6            
28788.45  1225.3            
28884.04  1224.4            
28979.616  1251.3            
29075.18  1256.5            
29170.731  1260.3            
29266.269  1253.7            
29361.794  1234.5            
29457.306  1240.5            
29552.806  1250.4            
29648.293  1257.2            
29743.767  1256.7            
29839.228  1245.6            
29934.676  1261            
30030.112  1267.4            
30125.534  1271.8            
30220.944  1254.6            
30316.342  1253.2            
30411.726  1243.6            
30507.097  1253.3            
30602.456  1258.7            
30697.802  1264.2            
30793.135  1256.9            
30888.456  1254            
30983.763  1250.8            
31079.058  1253.1            
31174.34  1255.6            
31269.609  1251            
31364.866  1249.2            
31460.109  1249            
31555.34  1237.5            
31650.558  1235.5            
31745.763  1240.4            
31840.956  1251.5            
31936.136  1249.9            
32031.303  1240.9            
32126.457  1242            
32221.598  1250.1            
32316.727  1251.2            
32411.843  1236.9            
32506.946  1229.6            
32602.036  1244.9            
32697.114  1249.3            
32792.179  1248.8            
32887.231  1244.5            
32982.27  1239            
33077.297  1244.1            
33172.311  1227.7            
33267.312  1233.6            
33362.3  1233.7            
33457.275  1235.9            
33552.238  1225.4            
33647.188  1237.2            
33742.125  1245.2            
33837.05  1217.9            
33931.962  1204.1            
34026.861  1218.3            
34121.747  1222.1            
34216.621  1222.7            
34311.481  1214.3            
34406.33  1217.8            
34501.165  1210.8            
34595.988  1221.2            
34690.797  1228.2            
34785.595  1232.9            
34880.379  1214            
34975.151  1209.6            
35069.91  1220.3            
35164.656  1221.6            
35259.389  1236.8            
35354.11  1235.4            
35448.818  1227.2            
35543.514  1223.1            
35638.196  1224.6            
35732.866  1240.4            
35827.523  1224.5            
35922.168  1217.7            
36016.799  1222            
36111.418  1224.9            
36206.025  1239            
36300.618  1245            
36395.199  1242.4            
36489.768  1224.6            
36584.323  1221.4            
36678.866  1229.7            
36773.396  1225.1            
36867.913  1224.6            
36962.418  1234.4            
37056.91  1238.1            
37151.389  1241            
37245.856  1238.9            
37340.31  1242.5            
37434.751  1226.6            
37529.18  1221.1            
37623.596  1233.9            
37717.999  1229.7            
37812.389  1231.8            
37906.767  1252.7            
38001.132  1241.7            
38095.484  1238.4            
38189.824  1241.1            
38284.151  1239.8            
38378.466  1235.3            
38472.767  1231.8            
38567.056  1226.8            
38661.333  1216.3            
38755.596  1241.2            
38849.848  1260.1            
38944.086  1251.6            
39038.312  1252.6            
39132.525  1248            
39226.725  1252            
39320.913  1254.5            
39415.088  1274.2            
39509.25  1264.1            
39603.4  1259.3            
39697.537  1268.3            
39791.661  1266.9            
39885.773  1265.9            
39979.872  1268.2            
40073.959  1266.5            
40168.032  1272.9            
40262.093  1274.4            
40356.142  1274.5            
40450.178  1292.2            
40544.201  1278.3            
40638.212  1275.7            
40732.21  1272.7            
40826.195  1280.6            
40920.167  1289.7            
41014.127  1305.7            
41108.075  1306.5            
41202.01  1299.3            
41295.932  1299.1            
41389.841  1296.8            
41483.738  1289.7            
41577.622  1286.5            
41671.494  1301.4            
41765.353  1289.6            
41859.199  1287.3            
41953.033  1294.5            
42046.854  1284.7            
42140.662  1295.6            
42234.458  1302.4            
42328.242  1311            
42422.012  1306.7            
42515.77  1304            
42609.516  1294.8            
42703.248  1284.5            
42796.969  1284            
42890.676  1301.2            
42984.371  1312.2            
43078.054  1300.3            
43171.723  1297.1            
43265.38  1283.9            
43359.025  1282.3            
43452.657  1292            
43546.276  1296            
43639.883  1294.6            
43733.477  1281            
43827.059  1278.4            
43920.628  1286.1            
44014.184  1270.6            
44107.728  1274.1            
44201.259  1274.2            
44294.778  1276.9            
44388.284  1262.9            
44481.777  1266.8            
44575.258  1294            
44668.727  1283.2            
44762.182  1260.3            
44855.625  1261            
44949.056  1260.1            
45042.474  1262.6            
45135.879  1258            
45229.272  1263.5            
45322.652  1267.2            
45416.02  1259.2            
45509.375  1259.4            
45602.718  1284.2            
45696.048  1257.6            
45789.365  1255.5            
45882.67  1250.7            
45975.963  1255.5            
46069.242  1263.1            
46162.509  1254.3            
46255.764  1258.1            
46349.006  1263.3            
46442.236  1275.5            
46535.453  1276.7            
46628.657  1269.3            
46721.849  1272.8            
46815.028  1290.4            
46908.195  1295.6            
47001.349  1286.8            
47094.491  1276.6            
47187.62  1290.9            
47280.737  1281.4            
47373.841  1274.9            
47466.933  1279.5            
47560.012  1290.9            
47653.078  1279.9            
47746.132  1279.8            
47839.173  1304.4            
47932.202  1299.1            
48025.219  1296.1            
48118.222  1302.5            
48211.214  1309.4            
48304.192  1313            
48397.159  1309.7            
48490.112  1313.2            
48583.054  1311.6            
48675.982  1313.3            
48768.898  1310.3            
48861.802  1319.6            
48954.693  1314.4            
49047.572  1321.1            
49140.438  1332.5            
49233.292  1327.2            
49326.133  1336.6            
49418.961  1329.1            
49511.777  1339.6            
49604.581  1356.5            
49697.372  1340.6            
49790.15  1350.9            
49882.917  1365.5            
49975.67  1355.3            
50068.411  1351.1            
50161.14  1352.8            
50253.856  1347.9            
50346.559  1348.5            
50439.25  1363.8            
50531.929  1365.9            
50624.595  1356            
50717.249  1362.7            
50809.89  1358.8            
50902.519  1355.8            
50995.135  1369.1            
51087.738  1369.9            
51180.33  1354.7            
51272.908  1364            
51365.475  1385.6            
51458.028  1382.2            
51550.57  1355.7            
51643.099  1352.8            
51735.615  1350.7            
51828.119  1365.9            
51920.61  1379.4            
52013.089  1355.5            
52105.556  1353.7            
52198.01  1363.9            
52290.451  1370.1            
52382.88  1372.9            
52475.297  1356.6            
52567.701  1369.1            
52660.093  1386.6            
52752.472  1377.7            
52844.839  1369.1            
52937.193  1370.8            
53029.535  1358.9            
53121.864  1370.5            
53214.181  1369.9            
53306.486  1390.8            
53398.778  1379.4            
53491.058  1366.4            
53583.325  1369.2            
53675.58  1389            
53767.822  1382            
53860.052  1387.8            
53952.269  1373.5            
54044.474  1381.9            
54136.667  1390.4            
54228.847  1372.9            
54321.015  1346.5            
54413.17  1363.8            
54505.313  1372            
54597.443  1374.9            
54689.561  1391.5            
54781.667  1381.7            
54873.76  1374.3            
54965.841  1375.1            
55057.909  1379.5            
55149.965  1391.6            
55242.008  1390            
55334.039  1388.2            
55426.058  1402.4            
55518.064  1411.4            
55610.058  1386.7            
55702.039  1358.5            
55794.008  1353.2            
55885.965  1345.7            
55977.909  1351.9            
56069.841  1359.7            
56161.76  1357.7            
56253.667  1357.3            
56345.562  1372.7            
56437.444  1356.2            
56529.314  1338.7            
56621.171  1330.6            
56713.016  1346.3            
56804.849  1350            
56896.669  1331.3            
56988.477  1334.3            
57080.272  1352.1            
57172.055  1365.1            
57263.826  1351.4            
57355.584  1358.3            
57447.33  1342.9            
57539.063  1354.9            
57630.784  1352.2            
57722.493  1340.7            
57814.189  1331.1            
57905.873  1334.7            
57997.545  1351            
58089.204  1356.8            
58180.851  1379.5            
58272.485  1390.3            
58364.108  1360.6            
58455.717  1351.9            
58547.315  1359            
58638.9  1371.3            
58730.472  1374            
58822.032  1381.6            
58913.58  1372.5            
59005.116  1354.9            
59096.639  1370.4            
59188.15  1394.5            
59279.648  1388.5            
59371.134  1399.7            
59462.608  1410.6            
59554.07  1412.7            
59645.519  1405.8            
59736.955  1407.7            
59828.38  1410.8            
59919.792  1396.4            
60011.191  1402.1            
60102.579  1409            
60193.954  1415.2            
60285.316  1428.1            
60376.667  1413.9            
60468.005  1419.5            
60559.33  1451.9            
60650.644  1461            
60741.945  1453.4            
60833.233  1447.1            
60924.51  1453.2            
61015.774  1462.3            
61107.025  1457.3            
61198.265  1472.4            
61289.492  1476.2            
61380.706  1495.7            
61471.909  1498.6            
61563.099  1492.9            
61654.276  1474.7            
61745.442  1464.2            
61836.595  1460.4            
61927.736  1475.8            
62018.864  1493.8            
62109.98  1524.8            
62201.084  1543.1            
62292.175  1536.7            
62383.255  1545.8            
62474.322  1556.9            
62565.376  1541.7            
62656.418  1535.6            
62747.448  1539.6            
62838.466  1550.9            
62929.472  1564.7            
63020.465  1548.5            
63111.445  1571.6            
63202.414  1580.8            
63293.37  1581            
63384.314  1593.5            
63475.246  1615.2            
63566.165  1625.4            
63657.072  1619.5            
63747.967  1600.4            
63838.849  1586.3            
63929.719  1620.5            
64020.577  1621.3            
64111.423  1618.8            
64202.256  1641.3            
64293.077  1661.7            
64383.886  1634.1            
64474.683  1596.6            
64565.467  1587.3            
64656.239  1580            
64746.999  1567.6            
64837.746  1571.4            
64928.481  1567.7            
65019.204  1567.2            
65109.915  1548.7            
65200.613  1510.6            
65291.299  1503.6            
65381.973  1493.1            
65472.635  1464.2            
65563.284  1458.9            
65653.921  1435.9            
65744.546  1414.3            
65835.158  1418.5            
65925.759  1414.7            
66016.347  1409.6            
66106.922  1387.2            
66197.486  1382.8            
66288.037  1376.2            
66378.576  1353.7            
66469.103  1335.3            
66559.618  1315.5            
66650.12  1306.1            
66740.61  1302.1            
66831.088  1318.6            
66921.553  1304.2            
67012.007  1292.8            
67102.448  1287.5            
67192.877  1282            
67283.293  1264.3            
67373.698  1261.6            
67464.09  1277.6            
67554.47  1290            
67644.838  1277.7            
67735.193  1265            
67825.537  1259.2            
67915.868  1260.3            
68006.187  1266.7            
68096.493  1254.9            
68186.788  1227            
68277.07  1233            
68367.34  1244.7            
68457.598  1250.1            
68547.843  1263.6            
68638.076  1244.1            
68728.298  1243.7            
68818.507  1236.3            
68908.703  1251.4            
68998.888  1243.8            
69089.06  1235.9            
69179.22  1241.7            
69269.368  1244.9            
69359.504  1234.5            
69449.627  1235.6            
69539.739  1232.7            
69629.838  1233.3            
69719.925  1223.9            
69809.999  1210.8            
69900.062  1209.2            
69990.112  1209.1            
70080.15  1202.2            
70170.176  1197.6            
70260.19  1207.2            
70350.192  1223.6            
70440.181  1223.6            
70530.158  1228.6            
70620.123  1221.6            
70710.076  1224.5            
70800.017  1225.3            
70889.945  1203.1            
70979.862  1205.5            
71069.766  1206            
71159.658  1202            
71249.538  1207.5            
71339.405  1202.1            
71429.261  1192            
71519.104  1204.5            
71608.935  1193.8            
71698.754  1193.6            
71788.561  1196.6            
71878.356  1192.9            
71968.138  1196.4            
72057.909  1192.1            
72147.667  1197.6            
72237.413  1196            
72327.147  1197.6            
72416.869  1203.6            
72506.578  1192.6            
72596.276  1186.1            
72685.961  1182.8            
72775.634  1176.9            
72865.295  1189.8            
72954.944  1193.7            
73044.58  1206.3            
73134.205  1199.9            
73223.817  1187.8            
73313.418  1186.6            
73403.006  1180.1            
73492.582  1166.1            
73582.146  1170.9            
73671.697  1169.7            
73761.237  1166            
73850.764  1172.3            
73940.28  1170.7            
74029.783  1168.3            
74119.274  1165.8            
74208.753  1171.7            
74298.22  1156.3            
74387.675  1161.4            
74477.117  1159.6            
74566.548  1175.7            
74655.966  1174.3            
74745.372  1169.9            
74834.766  1168            
74924.148  1159.9            
75013.518  1161            
75102.876  1150.2            
75192.222  1155.9            
75281.555  1157.2            
75370.877  1172.7            
75460.186  1177.9            
75549.483  1169.5            
75638.769  1161.2            
75728.042  1156.9            
75817.302  1142.3            
75906.551  1144            
75995.788  1144.1            
76085.013  1148            
76174.225  1144.2            
76263.426  1138.1            
76352.614  1143.9            
76441.79  1160.7            
76530.955  1152.5            
76620.107  1156.7            
76709.247  1138.2            
76798.375  1133.8            
76887.491  1142.8            
76976.594  1149.5            
77065.686  1144.4            
77154.766  1149.4            
77243.833  1158.4            
77332.889  1147            
77421.932  1135.5            
77510.963  1131            
77599.982  1138.7            
77688.99  1129.3            
77777.985  1123.8            
77866.968  1130.7            
77955.939  1141.5            
78044.898  1141.7            
78133.844  1135.5            
78222.779  1136.8            
78311.702  1137            
78400.612  1123.6            
78489.511  1128.1            
78578.398  1132.9            
78667.272  1128.9            
78756.134  1127.8            
78844.985  1139.7            
78933.823  1135.4            
79022.649  1128.8            
79111.464  1134.3            
79200.266  1142.2            
79289.056  1146            
79377.834  1155.5            
79466.6  1145            
79555.354  1153            
79644.096  1146.6            
79732.826  1138.7            
79821.544  1127.7            
79910.249  1146.8            
79998.943  1146.2            
80087.625  1143.2            
80176.295  1129.4            
80264.952  1134.6            
80353.598  1133.9            
80442.232  1126            
80530.853  1123.8            
80619.463  1134.4            
80708.061  1127.4            
80796.646  1121.9            
80885.22  1131.7            
80973.781  1124.5            
81062.331  1127.1            
81150.868  1127.3            
81239.393  1111.4            
81327.907  1110.6            
81416.408  1105.2            
81504.898  1101.9            
81593.375  1109.9            
81681.84  1118.5            
81770.294  1116.1            
81858.735  1114.2            
81947.165  1116.8            
82035.582  1116.8            
82123.987  1116            
82212.381  1121.3            
82300.762  1115.5            
82389.131  1113.8            
82477.489  1121            
82565.834  1116            
82654.167  1114.1            
82742.489  1110.2            
82830.798  1119.2            
82919.096  1130.4            
83007.381  1117.5            
83095.654  1119            
83183.916  1121.6            
83272.165  1101.9            
83360.403  1100.6            
83448.628  1114.9            
83536.842  1127.1            
83625.043  1128.7            
83713.233  1127.2            
83801.41  1101.6            
83889.576  1100.1            
83977.73  1116.9            
84065.871  1107.8            
84154.001  1101.9            
84242.119  1094            
84330.224  1086.7            
84418.318  1090            
84506.4  1092.2            
84594.47  1101.4            
84682.528  1098.9            
84770.574  1098.5            
84858.608  1109.8            
84946.63  1090.7            
85034.64  1101            
85122.638  1092.9            
85210.624  1090.8            
85298.598  1088.2            
85386.56  1091.4            
85474.511  1089.5            
85562.449  1089.3            
85650.375  1071.7            
85738.29  1082.4            
85826.192  1090.1            
85914.083  1092.3            
86001.961  1091.5            
86089.828  1082.6            
86177.683  1088.9            
86265.526  1085            
86353.356  1080.3            
86441.175  1082.5            
86528.982  1077            
86616.777  1076.1            
86704.561  1089            
86792.332  1091.6            
86880.091  1082.7            
86967.838  1086.1            
87055.574  1087            
87143.297  1088.6            
87231.009  1091.6            
87318.708  1084.7            
87406.396  1083.7            
87494.072  1081.5            
87581.736  1079.2            
87669.388  1087            
87757.028  1086.9            
87844.656  1067.2            
87932.272  1061.8            
88019.877  1069.8            
88107.469  1081.5            
88195.049  1083.8            
88282.618  1086.7            
88370.175  1087.7            
88457.72  1086.4            
88545.252  1086.9            
88632.773  1083.1            
