x       y           
[m<sup>-1</sup>]     [CCD cts]         
5472.792  787            
5571.5011  786.70001            
5670.197  787.29999            
5768.8797  787.09998            
5867.5493  787.20001            
5966.2057  787.59998            
6064.8489  787.79999            
6163.4789  786.79999            
6262.0958  787.90002            
6360.6995  787.59998            
6459.29  787.40002            
6557.8674  786.29999            
6656.4316  787.09998            
6754.9827  787.5            
6853.5206  787            
6952.0453  786.79999            
7050.5569  787.40002            
7149.0553  787.70001            
7247.5406  787            
7346.0127  787.20001            
7444.4717  787.5            
7542.9175  786.90002            
7641.3502  787.70001            
7739.7697  787.5            
7838.1761  787.29999            
7936.5694  787.29999            
8034.9495  787.20001            
8133.3164  787.59998            
8231.6703  787.20001            
8330.011  786.90002            
8428.3385  787.5            
8526.6529  787.79999            
8624.9542  787.40002            
8723.2424  787.40002            
8821.5174  787.5            
8919.7793  787.09998            
9018.0281  787.40002            
9116.2637  787.40002            
9214.4863  787.20001            
9312.6957  787.70001            
9410.892  788.20001            
9509.0751  788.59998            
9607.2452  790            
9705.4021  790.09998            
9803.546  793.09998            
9901.6767  797.40002            
9999.7943  805.59998            
10097.899  825.90002            
10195.99  858.40002            
10294.068  908            
10392.134  952.59998            
10490.186  975.59998            
10588.225  983.59998            
10686.25  969.20001            
10784.263  948.70001            
10882.263  933.09998            
10980.249  930.5            
11078.223  927            
11176.183  928.29999            
11274.131  928.40002            
11372.065  939.29999            
11469.986  946.59998            
11567.894  955.59998            
11665.789  965.90002            
11763.671  975            
11861.54  984.29999            
11959.395  983.40002            
12057.238  983.90002            
12155.067  975.79999            
12252.884  973.29999            
12350.687  964.20001            
12448.478  955.59998            
12546.255  955.70001            
12644.019  950.29999            
12741.77  950.70001            
12839.508  953.09998            
12937.233  951.40002            
13034.945  944.90002            
13132.644  944.20001            
13230.33  948.09998            
13328.002  948.90002            
13425.662  953.29999            
13523.309  949.20001            
13620.942  947.79999            
13718.563  945.59998            
13816.17  950.5            
13913.764  957.09998            
14011.346  956.09998            
14108.914  951.90002            
14206.469  958.20001            
14304.011  965.70001            
14401.541  966.20001            
14499.057  971.5            
14596.56  974.59998            
14694.05  975.79999            
14791.527  985.79999            
14888.991  996.09998            
14986.442  1008.5            
15083.879  1010.6            
15181.304  1000.3            
15278.716  990.20001            
15376.115  978.09998            
15473.501  974.79999            
15570.873  963.5            
15668.233  962.29999            
15765.58  948.29999            
15862.913  947.20001            
15960.234  945.90002            
16057.542  939.59998            
16154.836  937.20001            
16252.118  935.40002            
16349.387  928.40002            
16446.642  931            
16543.885  933            
16641.114  932.90002            
16738.331  931.90002            
16835.534  926.40002            
16932.725  923            
17029.902  920.09998            
17127.067  920.5            
17224.218  914.29999            
17321.357  922.29999            
17418.482  923.09998            
17515.595  920.59998            
17612.694  920.20001            
17709.781  914.70001            
17806.855  915.09998            
17903.915  913.20001            
18000.963  916            
18097.997  916.70001            
18195.019  922            
18292.027  919.5            
18389.023  918.40002            
18486.006  919.29999            
18582.975  921.5            
18679.932  922.90002            
18776.876  923.90002            
18873.806  926            
18970.724  926.70001            
19067.629  921.20001            
19164.521  922.90002            
19261.4  925.20001            
19358.266  923.90002            
19455.118  922.5            
19551.958  928            
19648.785  929            
19745.599  929.5            
19842.4  932.40002            
19939.189  938.29999            
20035.964  926.40002            
20132.726  931.59998            
20229.475  927.40002            
20326.211  930.59998            
20422.935  931.20001            
20519.645  931.70001            
20616.342  934.59998            
20713.027  937.59998            
20809.698  934.09998            
20906.357  938.5            
21003.003  939.5            
21099.635  948.70001            
21196.255  946.70001            
21292.862  944            
21389.456  946.70001            
21486.037  953.79999            
21582.605  954            
21679.16  942.59998            
21775.702  943.40002            
21872.231  948            
21968.748  949.79999            
22065.251  942.59998            
22161.741  938.09998            
22258.219  936.90002            
22354.683  928.90002            
22451.135  922.29999            
22547.574  922.59998            
22644  915            
22740.413  911.70001            
22836.813  909.79999            
22933.2  913.09998            
23029.574  911.90002            
23125.935  907            
23222.283  904.40002            
23318.619  905.40002            
23414.941  902.90002            
23511.251  901.5            
23607.548  903.90002            
23703.832  901.5            
23800.103  895.90002            
23896.361  898.20001            
23992.606  893.5            
24088.838  892.40002            
24185.057  891.29999            
24281.264  889.5            
24377.457  892.09998            
24473.638  893.29999            
24569.806  894.09998            
24665.961  891.20001            
24762.103  886.40002            
24858.232  888.20001            
24954.348  886.79999            
25050.451  886.5            
25146.542  886.29999            
25242.619  888.79999            
25338.684  880.5            
25434.736  878.59998            
25530.775  876.70001            
25626.801  879.20001            
25722.814  883.20001            
25818.815  885.29999            
25914.802  883            
26010.777  882.90002            
26106.739  880.70001            
26202.687  884.09998            
26298.623  883.40002            
26394.547  883            
26490.457  877.90002            
26586.354  883.70001            
26682.239  880.70001            
26778.111  879.90002            
26873.97  878.79999            
26969.816  878.90002            
27065.649  878.5            
27161.469  879.40002            
27257.277  879            
27353.071  879.70001            
27448.853  882.29999            
27544.622  877.20001            
27640.378  875.70001            
27736.121  876.90002            
27831.852  876.70001            
27927.569  874.90002            
28023.274  878.59998            
28118.966  874.59998            
28214.645  883.70001            
28310.311  884            
28405.965  881.70001            
28501.606  878.70001            
28597.233  878.5            
28692.848  876.70001            
28788.45  882.20001            
28884.04  878.09998            
28979.616  881.70001            
29075.18  881.20001            
29170.731  881.90002            
29266.269  884.40002            
29361.794  881.09998            
29457.306  876.70001            
29552.806  880.79999            
29648.293  880.59998            
29743.767  881.90002            
29839.228  878.29999            
29934.676  882            
30030.112  885.29999            
30125.534  885.40002            
30220.944  877.70001            
30316.342  879.90002            
30411.726  880.20001            
30507.097  882            
30602.456  882.09998            
30697.802  880            
30793.135  878.29999            
30888.456  879            
30983.763  879.59998            
31079.058  878            
31174.34  877.59998            
31269.609  878.29999            
31364.866  879.59998            
31460.109  879.90002            
31555.34  878.29999            
31650.558  878.90002            
31745.763  882.20001            
31840.956  880            
31936.136  879.79999            
32031.303  880.70001            
32126.457  880.40002            
32221.598  883.59998            
32316.727  883.09998            
32411.843  879.5            
32506.946  879.59998            
32602.036  883.5            
32697.114  879.90002            
32792.179  877.79999            
32887.231  880.90002            
32982.27  875.29999            
33077.297  878.20001            
33172.311  879.5            
33267.312  881.29999            
33362.3  878.20001            
33457.275  884.40002            
33552.238  877            
33647.188  876.20001            
33742.125  877.59998            
33837.05  879.29999            
33931.962  877.09998            
34026.861  875.09998            
34121.747  876.40002            
34216.621  880            
34311.481  878.59998            
34406.33  874            
34501.165  874.5            
34595.988  876            
34690.797  876.79999            
34785.595  879.90002            
34880.379  882.59998            
34975.151  877.29999            
35069.91  881.09998            
35164.656  881.90002            
35259.389  879.29999            
35354.11  881.59998            
35448.818  875            
35543.514  877.40002            
35638.196  874.70001            
35732.866  876.20001            
35827.523  876.90002            
35922.168  878.59998            
36016.799  878.20001            
36111.418  877.79999            
36206.025  875            
36300.618  877.79999            
36395.199  878.59998            
36489.768  877.79999            
36584.323  875.59998            
36678.866  876.90002            
36773.396  876.70001            
36867.913  879.40002            
36962.418  880.90002            
37056.91  879.5            
37151.389  877.09998            
37245.856  878.09998            
37340.31  883.29999            
37434.751  880.40002            
37529.18  879.09998            
37623.596  878.59998            
37717.999  882.20001            
37812.389  877.09998            
37906.767  883.59998            
38001.132  882.09998            
38095.484  882.90002            
38189.824  878.5            
38284.151  879.70001            
38378.466  882.20001            
38472.767  884.59998            
38567.056  884.5            
38661.333  880.79999            
38755.596  880.09998            
38849.848  883.70001            
38944.086  882.09998            
39038.312  882.20001            
39132.525  886.40002            
39226.725  882.90002            
39320.913  886.5            
39415.088  878.90002            
39509.25  883            
39603.4  883.5            
39697.537  882.59998            
39791.661  879.40002            
39885.773  879.70001            
39979.872  885            
40073.959  884.20001            
40168.032  884.20001            
40262.093  885.09998            
40356.142  884.79999            
40450.178  887.59998            
40544.201  885.79999            
40638.212  888.29999            
40732.21  889            
40826.195  887.59998            
40920.167  889.5            
41014.127  895.20001            
41108.075  890.79999            
41202.01  887.90002            
41295.932  887.40002            
41389.841  891.20001            
41483.738  890.5            
41577.622  890.59998            
41671.494  890.90002            
41765.353  892.20001            
41859.199  892.09998            
41953.033  888.5            
42046.854  890.09998            
42140.662  887.5            
42234.458  890.70001            
42328.242  889.79999            
42422.012  892.09998            
42515.77  895.09998            
42609.516  890.79999            
42703.248  889.40002            
42796.969  887.5            
42890.676  887.79999            
42984.371  890.79999            
43078.054  887.79999            
43171.723  888.40002            
43265.38  887.20001            
43359.025  884.79999            
43452.657  884.70001            
43546.276  889.40002            
43639.883  889.70001            
43733.477  888            
43827.059  888.29999            
43920.628  887.70001            
44014.184  891.40002            
44107.728  891.79999            
44201.259  885            
44294.778  884.5            
44388.284  884.90002            
44481.777  889.5            
44575.258  888.09998            
44668.727  885.59998            
44762.182  880            
44855.625  884            
44949.056  887            
45042.474  891.40002            
45135.879  889            
45229.272  889.20001            
45322.652  883.40002            
45416.02  888            
45509.375  883            
45602.718  886.09998            
45696.048  888            
45789.365  887.29999            
45882.67  886.70001            
45975.963  884            
46069.242  886.90002            
46162.509  886.29999            
46255.764  887.09998            
46349.006  887.90002            
46442.236  887.5            
46535.453  887.79999            
46628.657  886.79999            
46721.849  890.20001            
46815.028  891.5            
46908.195  890.70001            
47001.349  887.20001            
47094.491  888.09998            
47187.62  892.40002            
47280.737  893.5            
47373.841  894.90002            
47466.933  895.29999            
47560.012  892.40002            
47653.078  887            
47746.132  889.70001            
47839.173  891.40002            
47932.202  891.79999            
48025.219  896.40002            
48118.222  893.79999            
48211.214  893.70001            
48304.192  900.5            
48397.159  897.90002            
48490.112  895.90002            
48583.054  894.20001            
48675.982  895.40002            
48768.898  900.59998            
48861.802  899.59998            
48954.693  899.20001            
49047.572  898.09998            
49140.438  901.90002            
49233.292  900.5            
49326.133  899            
49418.961  901            
49511.777  899.79999            
49604.581  899            
49697.372  902.5            
49790.15  901.79999            
49882.917  901.40002            
49975.67  909.79999            
50068.411  902.90002            
50161.14  906.59998            
50253.856  906.70001            
50346.559  905.79999            
50439.25  910.40002            
50531.929  908            
50624.595  907.59998            
50717.249  908.59998            
50809.89  908.5            
50902.519  912            
50995.135  906.20001            
51087.738  905.79999            
51180.33  908.59998            
51272.908  912.09998            
51365.475  913.20001            
51458.028  908.79999            
51550.57  909.59998            
51643.099  911.70001            
51735.615  910.5            
51828.119  910.09998            
51920.61  909.40002            
52013.089  916.09998            
52105.556  907.70001            
52198.01  905.59998            
52290.451  913.29999            
52382.88  912            
52475.297  918.90002            
52567.701  915.90002            
52660.093  915.59998            
52752.472  915.70001            
52844.839  921.59998            
52937.193  920.20001            
53029.535  915.70001            
53121.864  915.5            
53214.181  915.79999            
53306.486  915.09998            
53398.778  920            
53491.058  914.79999            
53583.325  913.79999            
53675.58  920            
53767.822  919.59998            
53860.052  918            
53952.269  916.20001            
54044.474  910.29999            
54136.667  919.59998            
54228.847  918.09998            
54321.015  914.90002            
54413.17  916.79999            
54505.313  915.70001            
54597.443  914.09998            
54689.561  913.5            
54781.667  914.59998            
54873.76  914            
54965.841  916.90002            
55057.909  913.20001            
55149.965  912            
55242.008  910.29999            
55334.039  910.59998            
55426.058  912.90002            
55518.064  917.20001            
55610.058  913.09998            
55702.039  910.09998            
55794.008  908.90002            
55885.965  910.5            
55977.909  906.20001            
56069.841  906.90002            
56161.76  912.40002            
56253.667  910.90002            
56345.562  908.70001            
56437.444  910.5            
56529.314  914.20001            
56621.171  913.40002            
56713.016  916            
56804.849  912.5            
56896.669  917.70001            
56988.477  917.20001            
57080.272  918.29999            
57172.055  914.29999            
57263.826  916.5            
57355.584  917.20001            
57447.33  918.20001            
57539.063  918            
57630.784  912.40002            
57722.493  915            
57814.189  917            
57905.873  913.70001            
57997.545  914.29999            
58089.204  920.59998            
58180.851  915.59998            
58272.485  914.29999            
58364.108  916.20001            
58455.717  917.70001            
58547.315  926.29999            
58638.9  920.29999            
58730.472  917.40002            
58822.032  917            
58913.58  920            
59005.116  922.70001            
59096.639  920.5            
59188.15  922.70001            
59279.648  925.29999            
59371.134  921.70001            
59462.608  927.09998            
59554.07  925            
59645.519  930.40002            
59736.955  930            
59828.38  926            
59919.792  922.70001            
60011.191  929.5            
60102.579  933.09998            
60193.954  935.20001            
60285.316  931.79999            
60376.667  929.5            
60468.005  926.20001            
60559.33  931.29999            
60650.644  931.59998            
60741.945  927.90002            
60833.233  932.59998            
60924.51  936.90002            
61015.774  936.59998            
61107.025  939            
61198.265  939.5            
61289.492  940.70001            
61380.706  940.09998            
61471.909  941.70001            
61563.099  946.79999            
61654.276  951.20001            
61745.442  954            
61836.595  945.20001            
61927.736  948.20001            
62018.864  947.70001            
62109.98  946.5            
62201.084  949.29999            
62292.175  949.09998            
62383.255  954            
62474.322  955.5            
62565.376  956.20001            
62656.418  954.09998            
62747.448  953.59998            
62838.466  957.29999            
62929.472  955.70001            
63020.465  958.79999            
63111.445  952.40002            
63202.414  951.40002            
63293.37  957.20001            
63384.314  957.29999            
63475.246  960.90002            
63566.165  962.70001            
63657.072  957.20001            
63747.967  956.20001            
63838.849  957.29999            
63929.719  959.29999            
64020.577  952.29999            
64111.423  950.40002            
64202.256  951.5            
64293.077  947.59998            
64383.886  952.20001            
64474.683  949.70001            
64565.467  945.70001            
64656.239  950.20001            
64746.999  950.90002            
64837.746  952.5            
64928.481  945.79999            
65019.204  945.09998            
65109.915  939.70001            
65200.613  931.5            
65291.299  930.09998            
65381.973  931.90002            
65472.635  929.20001            
65563.284  924.79999            
65653.921  920.20001            
65744.546  918.79999            
65835.158  920.5            
65925.759  917.59998            
66016.347  916.09998            
66106.922  910.5            
66197.486  907.70001            
66288.037  903.79999            
66378.576  900.79999            
66469.103  901.59998            
66559.618  897.5            
66650.12  894            
66740.61  898.20001            
66831.088  895.29999            
66921.553  893.59998            
67012.007  887.20001            
67102.448  888.79999            
67192.877  888.29999            
67283.293  890.90002            
67373.698  891.90002            
67464.09  887            
67554.47  889.09998            
67644.838  888.29999            
67735.193  887.5            
67825.537  883.5            
67915.868  882            
68006.187  880.29999            
68096.493  881.20001            
68186.788  878.79999            
68277.07  880.09998            
68367.34  883.70001            
68457.598  883.70001            
68547.843  881            
68638.076  879.5            
68728.298  880.20001            
68818.507  875.5            
68908.703  877.20001            
68998.888  880.20001            
69089.06  881.29999            
69179.22  875.20001            
69269.368  878.09998            
69359.504  876.79999            
69449.627  878.90002            
69539.739  877            
69629.838  870            
69719.925  876.09998            
69809.999  879.5            
69900.062  873.5            
69990.112  872.59998            
70080.15  870.5            
70170.176  873.79999            
70260.19  875.5            
70350.192  871.59998            
70440.181  871.29999            
70530.158  873.20001            
70620.123  870.5            
70710.076  867.70001            
70800.017  867.40002            
70889.945  870.59998            
70979.862  869            
71069.766  870.29999            
71159.658  867.70001            
71249.538  866.90002            
71339.405  871.5            
71429.261  869.09998            
71519.104  873.20001            
71608.935  872.70001            
71698.754  871.79999            
71788.561  868.90002            
71878.356  872.70001            
71968.138  863.79999            
72057.909  867.90002            
72147.667  868.40002            
72237.413  869.29999            
72327.147  867            
72416.869  868.5            
72506.578  867.79999            
72596.276  866.79999            
72685.961  869.29999            
72775.634  871.40002            
72865.295  870.79999            
72954.944  867.59998            
73044.58  871.09998            
73134.205  864.59998            
73223.817  866            
73313.418  865.70001            
73403.006  866.59998            
73492.582  860.20001            
73582.146  862.79999            
73671.697  866.79999            
73761.237  867.59998            
73850.764  867.29999            
73940.28  862.70001            
74029.783  863.5            
74119.274  866.79999            
74208.753  862.29999            
74298.22  860.59998            
74387.675  862.5            
74477.117  860.5            
74566.548  861.20001            
74655.966  861.20001            
74745.372  865            
74834.766  861            
74924.148  859.90002            
75013.518  858.09998            
75102.876  863.59998            
75192.222  861.20001            
75281.555  858            
75370.877  858.40002            
75460.186  859.09998            
75549.483  857.79999            
75638.769  860.40002            
75728.042  860.40002            
75817.302  860.29999            
75906.551  858.5            
75995.788  861.70001            
76085.013  859.09998            
76174.225  859.29999            
76263.426  856.40002            
76352.614  859.5            
76441.79  859.5            
76530.955  860.20001            
76620.107  861.40002            
76709.247  858.90002            
76798.375  858.20001            
76887.491  858.09998            
76976.594  858.40002            
77065.686  860.90002            
77154.766  860.29999            
77243.833  860            
77332.889  862            
77421.932  859.79999            
77510.963  855.59998            
77599.982  855.5            
77688.99  858.29999            
77777.985  855.79999            
77866.968  858.29999            
77955.939  855.59998            
78044.898  860.09998            
78133.844  857.59998            
78222.779  858.79999            
78311.702  855.20001            
78400.612  856.90002            
78489.511  860.70001            
78578.398  859            
78667.272  855.5            
78756.134  861.09998            
78844.985  856.70001            
78933.823  854.90002            
79022.649  858.5            
79111.464  861.70001            
79200.266  862.40002            
79289.056  860.90002            
79377.834  855.90002            
79466.6  851.79999            
79555.354  853.40002            
79644.096  856.59998            
79732.826  855.59998            
79821.544  855.5            
79910.249  852.5            
79998.943  854.29999            
80087.625  853.79999            
80176.295  853.59998            
80264.952  851.20001            
80353.598  855.70001            
80442.232  857.90002            
80530.853  855.90002            
80619.463  854.09998            
80708.061  854.59998            
80796.646  855.79999            
80885.22  854.09998            
80973.781  855.90002            
81062.331  855.20001            
81150.868  854            
81239.393  853.90002            
81327.907  854.09998            
81416.408  853.70001            
81504.898  854.09998            
81593.375  852.59998            
81681.84  856.70001            
81770.294  852.70001            
81858.735  854.40002            
81947.165  851            
82035.582  851.09998            
82123.987  853.59998            
82212.381  854            
82300.762  852.79999            
82389.131  850.59998            
82477.489  851.09998            
82565.834  853.59998            
82654.167  851.09998            
82742.489  853            
82830.798  854.20001            
82919.096  856.09998            
83007.381  852.20001            
83095.654  852            
83183.916  852            
83272.165  850.90002            
83360.403  847.90002            
83448.628  849.29999            
83536.842  851.29999            
83625.043  850.70001            
83713.233  850.29999            
83801.41  849.79999            
83889.576  847.79999            
83977.73  848.90002            
84065.871  847.90002            
84154.001  847.5            
84242.119  849.29999            
84330.224  851.5            
84418.318  850.90002            
84506.4  849.09998            
84594.47  850            
84682.528  850.40002            
84770.574  852.40002            
84858.608  850.70001            
84946.63  851.5            
85034.64  848.70001            
85122.638  852.90002            
85210.624  848.79999            
85298.598  851            
85386.56  849.29999            
85474.511  845.29999            
85562.449  848.09998            
85650.375  846.09998            
85738.29  846.29999            
85826.192  846.09998            
85914.083  847.20001            
86001.961  850.59998            
86089.828  847.59998            
86177.683  848.70001            
86265.526  850.20001            
86353.356  849.29999            
86441.175  848.79999            
86528.982  848.20001            
86616.777  850.20001            
86704.561  849            
86792.332  845.5            
86880.091  848            
86967.838  849.5            
87055.574  851.70001            
87143.297  848.40002            
87231.009  850.20001            
87318.708  847.70001            
87406.396  847.40002            
87494.072  845            
87581.736  842.59998            
87669.388  842.79999            
87757.028  846.40002            
87844.656  845.20001            
87932.272  844.70001            
88019.877  848.20001            
88107.469  847.90002            
88195.049  845.20001            
88282.618  844.5            
88370.175  845.40002            
88457.72  847.59998            
88545.252  846.59998            
88632.773  846.20001            
88720.282  847.40002            
88807.78  845.5            
88895.265  847.40002            
88982.738  846            
89070.2  843.09998            
89157.649  843.09998            
89245.087  845.5            
89332.513  842.90002            
89419.927  844.59998            
89507.329  843.09998            
89594.719  846.5            
89682.097  845.40002            
89769.464  842.29999            
89856.818  843.40002            
89944.161  842.90002            
90031.492  843.40002            
90118.81  845.59998            
90206.117  844            
90293.413  842.79999            
90380.696  843.40002            
