x       y           
[m<sup>-1</sup>]     [CCD cts]         
5472.792  787.09998            
5571.5011  787.09998            
5670.197  788.20001            
5768.8797  788.5            
5867.5493  788            
5966.2057  787.59998            
6064.8489  787.79999            
6163.4789  787.79999            
6262.0958  787.29999            
6360.6995  787.5            
6459.29  787.20001            
6557.8674  787.5            
6656.4316  787.59998            
6754.9827  787.09998            
6853.5206  787.5            
6952.0453  787.5            
7050.5569  788.20001            
7149.0553  787.59998            
7247.5406  787.79999            
7346.0127  787.5            
7444.4717  788            
7542.9175  788.09998            
7641.3502  788.29999            
7739.7697  788.09998            
7838.1761  788            
7936.5694  787.40002            
8034.9495  788.20001            
8133.3164  787.20001            
8231.6703  788            
8330.011  787.90002            
8428.3385  787.79999            
8526.6529  787.90002            
8624.9542  788            
8723.2424  788.59998            
8821.5174  788.90002            
8919.7793  788.40002            
9018.0281  788.79999            
9116.2637  790.09998            
9214.4863  789.70001            
9312.6957  790.09998            
9410.892  790.90002            
9509.0751  793.59998            
9607.2452  796.5            
9705.4021  800.90002            
9803.546  809.40002            
9901.6767  826            
9999.7943  862.40002            
10097.899  930.90002            
10195.99  1063.7            
10294.068  1251.7            
10392.134  1444.8            
10490.186  1542.2            
10588.225  1549.4            
10686.25  1506.8            
10784.263  1426.7            
10882.263  1368.8            
10980.249  1351.7            
11078.223  1336.5            
11176.183  1320.4            
11274.131  1362.2            
11372.065  1417.3            
11469.986  1462.8            
11567.894  1499.9            
11665.789  1516.5            
11763.671  1528.5            
11861.54  1584.2            
11959.395  1624.1            
12057.238  1593.2            
12155.067  1572            
12252.884  1564.7            
12350.687  1514.8            
12448.478  1493.2            
12546.255  1491.5            
12644.019  1489.2            
12741.77  1470.7            
12839.508  1475            
12937.233  1482.8            
13034.945  1456.8            
13132.644  1462.4            
13230.33  1489.9            
13328.002  1514.9            
13425.662  1515.1            
13523.309  1502.4            
13620.942  1525.7            
13718.563  1549.6            
13816.17  1572.2            
13913.764  1568.7            
14011.346  1579            
14108.914  1601.3            
14206.469  1592.4            
14304.011  1626.4            
14401.541  1645.9            
14499.057  1671            
14596.56  1726.3            
14694.05  1793.9            
14791.527  1838.5            
14888.991  1866.9            
14986.442  1856.9            
15083.879  1804            
15181.304  1744.3            
15278.716  1685.6            
15376.115  1623            
15473.501  1628.7            
15570.873  1619.2            
15668.233  1583            
15765.58  1531.1            
15862.913  1504.3            
15960.234  1481.7            
16057.542  1477.9            
16154.836  1475.3            
16252.118  1472.8            
16349.387  1458            
16446.642  1438.3            
16543.885  1460.4            
16641.114  1446.1            
16738.331  1429.6            
16835.534  1419.6            
16932.725  1421.4            
17029.902  1415.9            
17127.067  1426            
17224.218  1385.5            
17321.357  1382.9            
17418.482  1381.9            
17515.595  1383.2            
17612.694  1386.9            
17709.781  1372.8            
17806.855  1360.9            
17903.915  1369            
18000.963  1371.9            
18097.997  1391.8            
18195.019  1414.1            
18292.027  1420.3            
18389.023  1416.4            
18486.006  1416.7            
18582.975  1420            
18679.932  1421.1            
18776.876  1455.3            
18873.806  1459.2            
18970.724  1442.6            
19067.629  1433.8            
19164.521  1460.5            
19261.4  1462.9            
19358.266  1460.5            
19455.118  1480.4            
19551.958  1512.3            
19648.785  1494.2            
19745.599  1478.3            
19842.4  1480.4            
19939.189  1482.2            
20035.964  1484.5            
20132.726  1503.1            
20229.475  1505.8            
20326.211  1530            
20422.935  1529.5            
20519.645  1529.6            
20616.342  1519.3            
20713.027  1538.9            
20809.698  1578.7            
20906.357  1570.5            
21003.003  1568.6            
21099.635  1591.8            
21196.255  1593.6            
21292.862  1587            
21389.456  1603.7            
21486.037  1650            
21582.605  1679.2            
21679.16  1633.4            
21775.702  1590.3            
21872.231  1616.8            
21968.748  1611.6            
22065.251  1603.4            
22161.741  1594.2            
22258.219  1538.9            
22354.683  1509.6            
22451.135  1489.4            
22547.574  1460.6            
22644  1448.2            
22740.413  1437.3            
22836.813  1412.7            
22933.2  1398.9            
23029.574  1389            
23125.935  1368.5            
23222.283  1342.2            
23318.619  1341.5            
23414.941  1346.3            
23511.251  1331            
23607.548  1340.2            
23703.832  1336.4            
23800.103  1307.4            
23896.361  1282.7            
23992.606  1263.6            
24088.838  1272.6            
24185.057  1260.2            
24281.264  1257.3            
24377.457  1244.5            
24473.638  1249.4            
24569.806  1250.9            
24665.961  1247            
24762.103  1236.4            
24858.232  1231.2            
24954.348  1234.2            
25050.451  1211.7            
25146.542  1219.7            
25242.619  1212.1            
25338.684  1203            
25434.736  1201.4            
25530.775  1191.7            
25626.801  1199.8            
25722.814  1193.2            
25818.815  1206.1            
25914.802  1207.4            
26010.777  1185.9            
26106.739  1182.8            
26202.687  1189.6            
26298.623  1174.1            
26394.547  1178.6            
26490.457  1183.2            
26586.354  1190.7            
26682.239  1190            
26778.111  1176.2            
26873.97  1176.6            
26969.816  1188.7            
27065.649  1180            
27161.469  1193.3            
27257.277  1195            
27353.071  1192.4            
27448.853  1203.5            
27544.622  1170.5            
27640.378  1173.5            
27736.121  1186            
27831.852  1164.6            
27927.569  1160.8            
28023.274  1172.7            
28118.966  1179.4            
28214.645  1179.3            
28310.311  1198.6            
28405.965  1202.3            
28501.606  1194.6            
28597.233  1177.1            
28692.848  1177.8            
28788.45  1192            
28884.04  1181.5            
28979.616  1185            
29075.18  1197.9            
29170.731  1208            
29266.269  1208.4            
29361.794  1188.8            
29457.306  1199.2            
29552.806  1216.5            
29648.293  1197.4            
29743.767  1208.2            
29839.228  1204            
29934.676  1210.2            
30030.112  1201.1            
30125.534  1191.4            
30220.944  1209.9            
30316.342  1202.9            
30411.726  1199.4            
30507.097  1200.3            
30602.456  1195.3            
30697.802  1187.8            
30793.135  1202.8            
30888.456  1213.4            
30983.763  1195.2            
31079.058  1174.3            
31174.34  1179.1            
31269.609  1194.6            
31364.866  1196.4            
31460.109  1189.3            
31555.34  1182.2            
31650.558  1188.2            
31745.763  1197.3            
31840.956  1187.2            
31936.136  1178.9            
32031.303  1195            
32126.457  1185.2            
32221.598  1187.1            
32316.727  1190.7            
32411.843  1184.3            
32506.946  1190.5            
32602.036  1203.7            
32697.114  1191.6            
32792.179  1179.3            
32887.231  1181.1            
32982.27  1182.2            
33077.297  1174            
33172.311  1186.1            
33267.312  1175.3            
33362.3  1177            
33457.275  1188.1            
33552.238  1183.6            
33647.188  1168.3            
33742.125  1159.9            
33837.05  1167.7            
33931.962  1178.3            
34026.861  1172.1            
34121.747  1184.2            
34216.621  1185.9            
34311.481  1184.7            
34406.33  1180.5            
34501.165  1174.3            
34595.988  1178.1            
34690.797  1165.4            
34785.595  1184.6            
34880.379  1189.2            
34975.151  1189.2            
35069.91  1180.9            
35164.656  1166.2            
35259.389  1171.4            
35354.11  1189.3            
35448.818  1183.5            
35543.514  1180.8            
35638.196  1168.2            
35732.866  1158.2            
35827.523  1165            
35922.168  1189.9            
36016.799  1170.7            
36111.418  1162.4            
36206.025  1166.6            
36300.618  1177.1            
36395.199  1175.1            
36489.768  1172.3            
36584.323  1178.8            
36678.866  1185.4            
36773.396  1182.9            
36867.913  1176.5            
36962.418  1172.4            
37056.91  1186.7            
37151.389  1193.5            
37245.856  1203            
37340.31  1197            
37434.751  1180.8            
37529.18  1182.7            
37623.596  1201.4            
37717.999  1199.3            
37812.389  1186.8            
37906.767  1198.9            
38001.132  1194.1            
38095.484  1209            
38189.824  1193.4            
38284.151  1190.2            
38378.466  1195.9            
38472.767  1205.2            
38567.056  1196.5            
38661.333  1182.2            
38755.596  1185            
38849.848  1191.2            
38944.086  1204.3            
39038.312  1206.6            
39132.525  1211.4            
39226.725  1204.6            
39320.913  1212            
39415.088  1225.6            
39509.25  1227.1            
39603.4  1215.9            
39697.537  1230.8            
39791.661  1218.9            
39885.773  1213            
39979.872  1210            
40073.959  1225.3            
40168.032  1232.7            
40262.093  1225.8            
40356.142  1225.4            
40450.178  1240.3            
40544.201  1231.4            
40638.212  1240.4            
40732.21  1229            
40826.195  1225.6            
40920.167  1241.5            
41014.127  1234.7            
41108.075  1245.2            
41202.01  1248.4            
41295.932  1246.2            
41389.841  1263.9            
41483.738  1258.7            
41577.622  1254.6            
41671.494  1255.6            
41765.353  1249.4            
41859.199  1246            
41953.033  1246.1            
42046.854  1246.3            
42140.662  1238.6            
42234.458  1236.8            
42328.242  1238.2            
42422.012  1241.5            
42515.77  1241.8            
42609.516  1235.1            
42703.248  1232.3            
42796.969  1233.3            
42890.676  1234.5            
42984.371  1242.2            
43078.054  1234.3            
43171.723  1224.1            
43265.38  1224.2            
43359.025  1222.3            
43452.657  1231.4            
43546.276  1228.8            
43639.883  1224.3            
43733.477  1234.1            
43827.059  1228.9            
43920.628  1223.5            
44014.184  1232.8            
44107.728  1227.8            
44201.259  1229.7            
44294.778  1219.7            
44388.284  1225.9            
44481.777  1240.3            
44575.258  1219.4            
44668.727  1202.8            
44762.182  1196            
44855.625  1200.2            
44949.056  1219.6            
45042.474  1229.2            
45135.879  1232.1            
45229.272  1229.6            
45322.652  1218.9            
45416.02  1211.6            
45509.375  1203            
45602.718  1201.4            
45696.048  1209.3            
45789.365  1229.9            
45882.67  1218.8            
45975.963  1197.6            
46069.242  1212            
46162.509  1223.7            
46255.764  1228.1            
46349.006  1235.3            
46442.236  1229.4            
46535.453  1209.9            
46628.657  1213.3            
46721.849  1218.7            
46815.028  1235.2            
46908.195  1224.6            
47001.349  1209.9            
47094.491  1207.7            
47187.62  1218            
47280.737  1242.1            
47373.841  1244.2            
47466.933  1245.1            
47560.012  1232.4            
47653.078  1237.1            
47746.132  1255.2            
47839.173  1254.8            
47932.202  1259.7            
48025.219  1249.6            
48118.222  1251.4            
48211.214  1259.9            
48304.192  1255.4            
48397.159  1266.5            
48490.112  1261.6            
48583.054  1255.4            
48675.982  1248.8            
48768.898  1247.7            
48861.802  1255.7            
48954.693  1263.1            
49047.572  1248.3            
49140.438  1274.7            
49233.292  1289.9            
49326.133  1278.6            
49418.961  1275.4            
49511.777  1281.7            
49604.581  1263.2            
49697.372  1267.9            
49790.15  1269.9            
49882.917  1284.2            
49975.67  1287.9            
50068.411  1291.2            
50161.14  1288.3            
50253.856  1281.4            
50346.559  1284            
50439.25  1285.1            
50531.929  1278.4            
50624.595  1285.6            
50717.249  1303.2            
50809.89  1298            
50902.519  1297            
50995.135  1289.5            
51087.738  1283.3            
51180.33  1289.7            
51272.908  1304.7            
51365.475  1302.7            
51458.028  1296.3            
51550.57  1277.6            
51643.099  1288.5            
51735.615  1303.7            
51828.119  1285.1            
51920.61  1278.5            
52013.089  1291.9            
52105.556  1282.2            
52198.01  1264.9            
52290.451  1286.1            
52382.88  1286.1            
52475.297  1305.4            
52567.701  1297.8            
52660.093  1292.5            
52752.472  1298.3            
52844.839  1316.1            
52937.193  1319.9            
53029.535  1320.9            
53121.864  1296.6            
53214.181  1296.5            
53306.486  1298.2            
53398.778  1285            
53491.058  1264            
53583.325  1273.5            
53675.58  1288.3            
53767.822  1303.4            
53860.052  1290.4            
53952.269  1284.3            
54044.474  1299.3            
54136.667  1285.8            
54228.847  1279.5            
54321.015  1287.2            
54413.17  1293.9            
54505.313  1280.7            
54597.443  1280            
54689.561  1274.4            
54781.667  1277.6            
54873.76  1270.6            
54965.841  1280            
55057.909  1279.7            
55149.965  1270.8            
55242.008  1270.1            
55334.039  1277.3            
55426.058  1278.7            
55518.064  1287.6            
55610.058  1276.1            
55702.039  1283.3            
55794.008  1271.3            
55885.965  1282.9            
55977.909  1275.4            
56069.841  1261.8            
56161.76  1261.9            
56253.667  1276.6            
56345.562  1269.1            
56437.444  1264.6            
56529.314  1272.4            
56621.171  1291.2            
56713.016  1284.7            
56804.849  1274.7            
56896.669  1296.8            
56988.477  1284.5            
57080.272  1291            
57172.055  1297.8            
57263.826  1290.2            
57355.584  1306.6            
57447.33  1298.2            
57539.063  1294.1            
57630.784  1303.6            
57722.493  1290.8            
57814.189  1315.6            
57905.873  1291.3            
57997.545  1283.2            
58089.204  1292.9            
58180.851  1283.3            
58272.485  1274.9            
58364.108  1290            
58455.717  1293.8            
58547.315  1306.8            
58638.9  1298.2            
58730.472  1295.4            
58822.032  1290.1            
58913.58  1292.8            
59005.116  1305.4            
59096.639  1293.4            
59188.15  1295.7            
59279.648  1326.1            
59371.134  1322.8            
59462.608  1315.9            
59554.07  1319.7            
59645.519  1320.6            
59736.955  1311.1            
59828.38  1324.2            
59919.792  1326            
60011.191  1322.7            
60102.579  1327.1            
60193.954  1347.3            
60285.316  1339.3            
60376.667  1346.8            
60468.005  1362.5            
60559.33  1341.2            
60650.644  1323.8            
60741.945  1326.3            
60833.233  1356.5            
60924.51  1373.3            
61015.774  1369.2            
61107.025  1381            
61198.265  1382.7            
61289.492  1375.2            
61380.706  1364.4            
61471.909  1366.3            
61563.099  1383.5            
61654.276  1378.7            
61745.442  1396.5            
61836.595  1380.3            
61927.736  1366.5            
62018.864  1382.5            
62109.98  1396.1            
62201.084  1418.2            
62292.175  1406.6            
62383.255  1413.8            
62474.322  1429.6            
62565.376  1422.2            
62656.418  1424.2            
62747.448  1428.6            
62838.466  1439.7            
62929.472  1436.3            
63020.465  1434.9            
63111.445  1428.7            
63202.414  1435.9            
63293.37  1442.6            
63384.314  1459.4            
63475.246  1449.2            
63566.165  1460.3            
63657.072  1450.5            
63747.967  1462.3            
63838.849  1464.2            
63929.719  1471.8            
64020.577  1449.5            
64111.423  1437.9            
64202.256  1440.9            
64293.077  1450.6            
64383.886  1450.1            
64474.683  1421.5            
64565.467  1400.6            
64656.239  1430.9            
64746.999  1422.9            
64837.746  1409.4            
64928.481  1387.4            
65019.204  1369.9            
65109.915  1360.8            
65200.613  1345.2            
65291.299  1358.6            
65381.973  1352            
65472.635  1334.8            
65563.284  1310.8            
65653.921  1301.5            
65744.546  1306.5            
65835.158  1306.1            
65925.759  1316.2            
66016.347  1324.5            
66106.922  1319.3            
66197.486  1305.6            
66288.037  1285            
66378.576  1273.8            
66469.103  1268.1            
66559.618  1254.7            
66650.12  1235.2            
66740.61  1240.5            
66831.088  1239.7            
66921.553  1241.1            
67012.007  1235.3            
67102.448  1226            
67192.877  1228.3            
67283.293  1241            
67373.698  1232.8            
67464.09  1222.7            
67554.47  1206.7            
67644.838  1194.8            
67735.193  1203.4            
67825.537  1200.1            
67915.868  1202.1            
68006.187  1203.1            
68096.493  1193.3            
68186.788  1191            
68277.07  1194.7            
68367.34  1188.5            
68457.598  1194.1            
68547.843  1192.3            
68638.076  1197.4            
68728.298  1197.8            
68818.507  1192.2            
68908.703  1180.3            
68998.888  1185            
69089.06  1201.9            
69179.22  1204.3            
69269.368  1197.8            
69359.504  1183.6            
69449.627  1194.6            
69539.739  1180.9            
69629.838  1163            
69719.925  1169.5            
69809.999  1179.4            
69900.062  1168.4            
69990.112  1181.5            
70080.15  1182.4            
70170.176  1173            
70260.19  1159.9            
70350.192  1172.3            
70440.181  1168.8            
70530.158  1156.2            
70620.123  1161.7            
70710.076  1163.6            
70800.017  1155.8            
70889.945  1142.9            
70979.862  1147.9            
71069.766  1152.6            
71159.658  1156.5            
71249.538  1148.2            
71339.405  1158            
71429.261  1156.5            
71519.104  1155.5            
71608.935  1161.9            
71698.754  1158.6            
71788.561  1143.7            
71878.356  1139.9            
71968.138  1142.6            
72057.909  1151.7            
72147.667  1145.8            
72237.413  1148.5            
72327.147  1147.8            
72416.869  1129.8            
72506.578  1122.5            
72596.276  1136            
72685.961  1139.6            
72775.634  1146.5            
72865.295  1159.1            
72954.944  1162.2            
73044.58  1158.7            
73134.205  1154.5            
73223.817  1145.7            
73313.418  1140.6            
73403.006  1131            
73492.582  1117.3            
73582.146  1113.9            
73671.697  1122.7            
73761.237  1123            
73850.764  1134.4            
73940.28  1128.3            
74029.783  1124            
74119.274  1124.5            
74208.753  1124.2            
74298.22  1131.6            
74387.675  1140.4            
74477.117  1132.7            
74566.548  1125.7            
74655.966  1119.1            
74745.372  1129            
74834.766  1130            
74924.148  1111.9            
75013.518  1112.3            
75102.876  1122.2            
75192.222  1130            
75281.555  1121.6            
75370.877  1102.6            
75460.186  1117.5            
75549.483  1127.9            
75638.769  1123            
75728.042  1114.9            
75817.302  1109.1            
75906.551  1106.7            
75995.788  1124.2            
76085.013  1128.3            
76174.225  1115.5            
76263.426  1109.5            
76352.614  1119.4            
76441.79  1128.3            
76530.955  1119.6            
76620.107  1116.2            
76709.247  1108.7            
76798.375  1096.3            
76887.491  1099.2            
76976.594  1100.4            
77065.686  1104.9            
77154.766  1119.5            
77243.833  1110.3            
77332.889  1112.8            
77421.932  1112.4            
77510.963  1106.8            
77599.982  1104.1            
77688.99  1089.3            
77777.985  1101.3            
77866.968  1103.6            
77955.939  1110.7            
78044.898  1132.4            
78133.844  1123.9            
78222.779  1099.6            
78311.702  1096.6            
78400.612  1111.4            
78489.511  1129            
78578.398  1125.4            
78667.272  1105            
78756.134  1092.1            
78844.985  1102.4            
78933.823  1111.2            
79022.649  1113.8            
79111.464  1115.3            
79200.266  1119.1            
79289.056  1114.9            
79377.834  1101.7            
79466.6  1092.1            
79555.354  1100.1            
79644.096  1096.2            
79732.826  1090            
79821.544  1094.4            
79910.249  1095.4            
79998.943  1086.2            
80087.625  1089.9            
80176.295  1105.7            
80264.952  1107            
80353.598  1099.1            
80442.232  1108.5            
80530.853  1095.5            
80619.463  1099.1            
80708.061  1088.3            
80796.646  1080.4            
80885.22  1092.1            
80973.781  1094.3            
81062.331  1082.6            
81150.868  1079            
81239.393  1091.7            
81327.907  1091.4            
81416.408  1093.6            
81504.898  1084.2            
81593.375  1088.6            
81681.84  1090.9            
81770.294  1091.1            
81858.735  1091.2            
81947.165  1090.6            
82035.582  1089.2            
82123.987  1096.3            
82212.381  1105.3            
82300.762  1092.9            
82389.131  1077.6            
82477.489  1063.9            
82565.834  1083.8            
82654.167  1094.2            
82742.489  1091.7            
82830.798  1095.2            
82919.096  1082.5            
83007.381  1096            
83095.654  1091.6            
83183.916  1072.5            
83272.165  1069.6            
83360.403  1060.3            
83448.628  1057            
83536.842  1070.4            
83625.043  1081.7            
83713.233  1080.7            
83801.41  1074.7            
83889.576  1075.3            
83977.73  1067            
84065.871  1068            
84154.001  1069.5            
84242.119  1078.3            
84330.224  1086.6            
84418.318  1079.1            
84506.4  1090.6            
84594.47  1082.4            
84682.528  1084.1            
84770.574  1080.5            
84858.608  1067.6            
84946.63  1059.5            
85034.64  1055.8            
85122.638  1063.6            
85210.624  1061.5            
85298.598  1065.6            
85386.56  1078.7            
85474.511  1078.1            
85562.449  1069.4            
85650.375  1072.3            
85738.29  1073.2            
85826.192  1064.5            
85914.083  1067.4            
86001.961  1073.7            
86089.828  1082            
86177.683  1082.6            
86265.526  1077.7            
86353.356  1075            
86441.175  1068            
86528.982  1063.9            
86616.777  1059.1            
86704.561  1067.9            
86792.332  1058            
86880.091  1056.8            
86967.838  1073.2            
87055.574  1065            
87143.297  1064.2            
87231.009  1069.3            
87318.708  1066.8            
87406.396  1073            
87494.072  1073.2            
87581.736  1053.9            
87669.388  1053.6            
87757.028  1052.7            
87844.656  1057.5            
87932.272  1065.2            
88019.877  1062.7            
88107.469  1064.4            
88195.049  1054            
88282.618  1054.4            
88370.175  1067.8            
88457.72  1070.7            
88545.252  1059.2            
88632.773  1049.5            
88720.282  1054.4            
88807.78  1067.9            
88895.265  1075.1            
88982.738  1063.4            
89070.2  1055.9            
89157.649  1046.4            
89245.087  1053.4            
89332.513  1061            
89419.927  1060.3            
89507.329  1055.8            
89594.719  1058.7            
89682.097  1049.5            
89769.464  1051.3            
89856.818  1060            
89944.161  1055.9            
90031.492  1052.4            
90118.81  1063.2            
90206.117  1059.2            
90293.413  1049.9            
90380.696  1051.8            
90467.967  1057.8            
90555.227  1058.1            
90642.474  1063.7            
90729.71  1053.7            
90816.934  1052.5            
90904.146  1064.7            
90991.346  1064.7            
91078.534  1055.1            
91165.711  1045.9            
91252.875  1038.9            
91340.028  1047.1            
91427.169  1043.6            
91514.298  1041.6            
91601.415  1050.6            
91688.521  1047.9            
91775.614  1042.1            
91862.696  1039.4            
91949.765  1030.1            
92036.823  1045.9            
92123.869  1033.6            
92210.903  1030            
92297.926  1026.1            
92384.936  1029.7            
92471.935  1032.6            
92558.922  1037.9            
92645.897  1045            
92732.86  1051.3            
92819.811  1053.2            
92906.751  1047.7            
92993.678  1032.9            
93080.594  1032.3            
93167.498  1050            
93254.39  1050.3            
93341.271  1052.4            
