21.20             
x       y           
[m<sup>-1</sup>]     [CCD cts]         
4880.2607  786.79999            
4979.0489  786.40002            
5077.8239  787.09998            
5176.5857  787.5            
5275.3343  786.40002            
5374.0698  786.90002            
5472.792  786.59998            
5571.5011  786.70001            
5670.197  786.40002            
5768.8797  786.70001            
5867.5493  787.29999            
5966.2057  786.59998            
6064.8489  786.79999            
6163.4789  786.09998            
6262.0958  785.79999            
6360.6995  786.5            
6459.29  787.29999            
6557.8674  786.20001            
6656.4316  786.59998            
6754.9827  786.90002            
6853.5206  787.09998            
6952.0453  786.70001            
7050.5569  786.59998            
7149.0553  787.09998            
7247.5406  787.29999            
7346.0127  787.20001            
7444.4717  787.29999            
7542.9175  787.20001            
7641.3502  786.59998            
7739.7697  787.70001            
7838.1761  786.70001            
7936.5694  787.20001            
8034.9495  787.29999            
8133.3164  787.20001            
8231.6703  787            
8330.011  787.40002            
8428.3385  786.90002            
8526.6529  788.20001            
8624.9542  787.5            
8723.2424  787.59998            
8821.5174  787.90002            
8919.7793  787.79999            
9018.0281  788.79999            
9116.2637  788.79999            
9214.4863  790.20001            
9312.6957  790.20001            
9410.892  792.59998            
9509.0751  796.09998            
9607.2452  800.29999            
9705.4021  807.90002            
9803.546  818.40002            
9901.6767  841.40002            
9999.7943  898.5            
10097.899  998.90002            
10195.99  1181.6            
10294.068  1466.8            
10392.134  1721.7            
10490.186  1864.2            
10588.225  1833.1            
10686.25  1727.7            
10784.263  1645            
10882.263  1586.5            
10980.249  1554.8            
11078.223  1554.9            
11176.183  1575.3            
11274.131  1615.6            
11372.065  1664.4            
11469.986  1692.1            
11567.894  1730            
11665.789  1786.7            
11763.671  1849.3            
11861.54  1843.5            
11959.395  1772.5            
12057.238  1780.4            
12155.067  1809.6            
12252.884  1791.3            
12350.687  1771.1            
12448.478  1739.5            
12546.255  1734            
12644.019  1722.7            
12741.77  1752.9            
12839.508  1757.3            
12937.233  1730.6            
13034.945  1729.4            
13132.644  1768            
13230.33  1760.8            
13328.002  1767.5            
13425.662  1761.4            
13523.309  1754.8            
13620.942  1788.9            
13718.563  1791.9            
13816.17  1808.9            
13913.764  1842.7            
14011.346  1867.5            
14108.914  1871.7            
14206.469  1866.1            
14304.011  1925.3            
14401.541  1972.2            
14499.057  2009.1            
14596.56  2007.8            
14694.05  2061.6001            
14791.527  2128.8999            
14888.991  2198.3999            
14986.442  2208.5            
15083.879  2225.1001            
15181.304  2148.8            
15278.716  1980.9            
15376.115  1922.2            
15473.501  1850.1            
15570.873  1828            
15668.233  1799.2            
15765.58  1736.5            
15862.913  1698.5            
15960.234  1696.1            
16057.542  1689.5            
16154.836  1678.2            
16252.118  1656.1            
16349.387  1646.1            
16446.642  1670.9            
16543.885  1654.6            
16641.114  1612.8            
16738.331  1583.4            
16835.534  1578.8            
16932.725  1581.9            
17029.902  1588            
17127.067  1617.3            
17224.218  1601.4            
17321.357  1586.6            
17418.482  1576.4            
17515.595  1572.1            
17612.694  1570.6            
17709.781  1566.4            
17806.855  1558.2            
17903.915  1556.6            
18000.963  1534.8            
18097.997  1559.1            
18195.019  1594.8            
18292.027  1618.8            
18389.023  1623.8            
18486.006  1587.9            
18582.975  1610            
18679.932  1619            
18776.876  1655.3            
18873.806  1663.6            
18970.724  1665.4            
19067.629  1654.7            
19164.521  1638.9            
19261.4  1639.7            
19358.266  1664.6            
19455.118  1666.3            
19551.958  1641.1            
19648.785  1636.1            
19745.599  1672            
19842.4  1674.4            
19939.189  1681.1            
20035.964  1704.3            
20132.726  1702.8            
20229.475  1675.4            
20326.211  1692.9            
20422.935  1713.2            
20519.645  1753.7            
20616.342  1733.9            
20713.027  1745            
20809.698  1740.1            
20906.357  1758.3            
21003.003  1818            
21099.635  1807.2            
21196.255  1793.1            
21292.862  1816.6            
21389.456  1878.9            
21486.037  1900.8            
21582.605  1877.6            
21679.16  1873            
21775.702  1854.6            
21872.231  1824.7            
21968.748  1827.3            
22065.251  1798            
22161.741  1760.1            
22258.219  1741.1            
22354.683  1708.1            
22451.135  1654.2            
22547.574  1617.3            
22644  1615.5            
22740.413  1589.4            
22836.813  1535.1            
22933.2  1509.1            
23029.574  1525.8            
23125.935  1504.2            
23222.283  1498.2            
23318.619  1490.1            
23414.941  1467.9            
23511.251  1442.9            
23607.548  1450.8            
23703.832  1444.7            
23800.103  1417.4            
23896.361  1403.7            
23992.606  1395.9            
24088.838  1388.7            
24185.057  1359            
24281.264  1357.1            
24377.457  1355.2            
24473.638  1346.1            
24569.806  1327.5            
24665.961  1339.9            
24762.103  1353            
24858.232  1337            
24954.348  1331.9            
25050.451  1323.6            
25146.542  1308.7            
25242.619  1314.8            
25338.684  1313.8            
25434.736  1314.9            
25530.775  1302.8            
25626.801  1297.9            
25722.814  1292.2            
25818.815  1298.7            
25914.802  1283.4            
26010.777  1287.1            
26106.739  1277.4            
26202.687  1267.4            
26298.623  1282.8            
26394.547  1276.8            
26490.457  1265.4            
26586.354  1256.6            
26682.239  1251.1            
26778.111  1253.6            
26873.97  1259.6            
26969.816  1278            
27065.649  1275.5            
27161.469  1272.5            
27257.277  1257.5            
27353.071  1247.6            
27448.853  1256.7            
27544.622  1258.3            
27640.378  1253.9            
27736.121  1266.8            
27831.852  1253.8            
27927.569  1259.3            
28023.274  1262.8            
28118.966  1257.5            
28214.645  1270.4            
28310.311  1261.9            
28405.965  1257.1            
28501.606  1243.3            
28597.233  1262.6            
28692.848  1267.2            
28788.45  1259.2            
28884.04  1270.2            
28979.616  1274.1            
29075.18  1281.6            
29170.731  1281.5            
29266.269  1282.2            
29361.794  1284.4            
29457.306  1264.5            
29552.806  1251.6            
29648.293  1263.4            
29743.767  1281.1            
29839.228  1276.6            
29934.676  1270.6            
30030.112  1268.4            
30125.534  1284.5            
30220.944  1276.4            
30316.342  1281.5            
30411.726  1264.3            
30507.097  1254.3            
30602.456  1263.4            
30697.802  1257.5            
30793.135  1274.1            
30888.456  1275.5            
30983.763  1267.9            
31079.058  1261.5            
31174.34  1256.6            
31269.609  1259.5            
31364.866  1249.9            
31460.109  1244.5            
31555.34  1253            
31650.558  1250.6            
31745.763  1239.8            
31840.956  1239.7            
31936.136  1244.6            
32031.303  1251.5            
32126.457  1271.4            
32221.598  1265.5            
32316.727  1243.7            
32411.843  1237.5            
32506.946  1242.5            
32602.036  1238.2            
32697.114  1246.4            
32792.179  1250.3            
32887.231  1240.6            
32982.27  1238.2            
33077.297  1241.7            
33172.311  1248.7            
33267.312  1238.6            
33362.3  1245.7            
33457.275  1245            
33552.238  1245.7            
33647.188  1242.4            
33742.125  1244.1            
33837.05  1235.2            
33931.962  1233.2            
34026.861  1237.3            
34121.747  1233.1            
34216.621  1234.2            
34311.481  1224.7            
34406.33  1222.3            
34501.165  1227.2            
34595.988  1235.6            
34690.797  1238.1            
34785.595  1227.1            
34880.379  1216.6            
34975.151  1222.3            
35069.91  1234.2            
35164.656  1236.8            
35259.389  1243.1            
35354.11  1238.5            
35448.818  1241.7            
35543.514  1223.3            
35638.196  1219.9            
35732.866  1222.2            
35827.523  1232.1            
35922.168  1242.9            
36016.799  1246.5            
36111.418  1231.7            
36206.025  1235.8            
36300.618  1250.2            
36395.199  1237.2            
36489.768  1239.6            
36584.323  1248.7            
36678.866  1245.5            
36773.396  1244.8            
36867.913  1245.9            
36962.418  1242.9            
37056.91  1236            
37151.389  1228.9            
37245.856  1242            
37340.31  1253.7            
37434.751  1258.5            
37529.18  1252.4            
37623.596  1270.8            
37717.999  1264.4            
37812.389  1253.8            
37906.767  1256.4            
38001.132  1256.7            
38095.484  1250.5            
38189.824  1241.1            
38284.151  1256            
38378.466  1262.2            
38472.767  1234.4            
38567.056  1250.4            
38661.333  1252.1            
38755.596  1253.9            
38849.848  1254.4            
38944.086  1254.4            
39038.312  1263.8            
39132.525  1276.1            
39226.725  1277.6            
39320.913  1267.1            
39415.088  1271.4            
39509.25  1269.7            
39603.4  1292.7            
39697.537  1301.7            
39791.661  1286.3            
39885.773  1278            
39979.872  1308.2            
40073.959  1311.2            
40168.032  1297.3            
40262.093  1283            
40356.142  1296.7            
40450.178  1308.9            
40544.201  1301.4            
40638.212  1290.7            
40732.21  1299.8            
40826.195  1309.2            
40920.167  1309.9            
41014.127  1314            
41108.075  1340.7            
41202.01  1336.4            
41295.932  1335.7            
41389.841  1311.4            
41483.738  1300.5            
41577.622  1322.6            
41671.494  1329.2            
41765.353  1320            
41859.199  1320.7            
41953.033  1298.8            
42046.854  1313.1            
42140.662  1334.7            
42234.458  1324.5            
42328.242  1312.2            
42422.012  1315.8            
42515.77  1311            
42609.516  1311.8            
42703.248  1315.9            
42796.969  1306.6            
42890.676  1308.4            
42984.371  1321.7            
43078.054  1305.4            
43171.723  1324            
43265.38  1320.9            
43359.025  1315.6            
43452.657  1327.1            
43546.276  1326.7            
43639.883  1309.2            
43733.477  1318            
43827.059  1316.8            
43920.628  1287.1            
44014.184  1279            
44107.728  1278.5            
44201.259  1291.3            
44294.778  1286.2            
44388.284  1277.4            
44481.777  1258.8            
44575.258  1274.8            
44668.727  1270.7            
44762.182  1271.7            
44855.625  1285.1            
44949.056  1286.9            
45042.474  1279.7            
45135.879  1276.2            
45229.272  1286.8            
45322.652  1285.4            
45416.02  1268.2            
45509.375  1252.5            
45602.718  1258.2            
45696.048  1285.9            
45789.365  1288            
45882.67  1291.9            
45975.963  1294.5            
46069.242  1275.3            
46162.509  1287            
46255.764  1313.4            
46349.006  1319.4            
46442.236  1302.7            
46535.453  1288.6            
46628.657  1293.2            
46721.849  1315.5            
46815.028  1326.9            
46908.195  1317.8            
47001.349  1304.8            
47094.491  1293.5            
47187.62  1284.4            
47280.737  1288.6            
47373.841  1299            
47466.933  1310.4            
47560.012  1316.1            
47653.078  1320.9            
47746.132  1331.7            
47839.173  1338            
47932.202  1324.5            
48025.219  1325.4            
48118.222  1327.3            
48211.214  1351.1            
48304.192  1339.4            
48397.159  1327.3            
48490.112  1318.1            
48583.054  1326.1            
48675.982  1323.2            
48768.898  1327.4            
48861.802  1351.4            
48954.693  1365.8            
49047.572  1357.5            
49140.438  1344.7            
49233.292  1330.2            
49326.133  1353.9            
49418.961  1358.8            
49511.777  1373.6            
49604.581  1376.7            
49697.372  1364.6            
49790.15  1353.4            
49882.917  1347.7            
49975.67  1351.7            
50068.411  1357.5            
50161.14  1356.5            
50253.856  1379.3            
50346.559  1386.8            
50439.25  1380.3            
50531.929  1387.6            
50624.595  1385.6            
50717.249  1399.6            
50809.89  1377.8            
50902.519  1362.6            
50995.135  1378.5            
51087.738  1409.4            
51180.33  1410            
51272.908  1399.5            
51365.475  1387.3            
51458.028  1380.9            
51550.57  1379.3            
51643.099  1390.2            
51735.615  1383.8            
51828.119  1375.2            
51920.61  1376.4            
52013.089  1388.6            
52105.556  1402.4            
52198.01  1407.1            
52290.451  1392.9            
52382.88  1396.4            
52475.297  1392.5            
52567.701  1376.9            
52660.093  1406.6            
52752.472  1423.7            
52844.839  1414            
52937.193  1428.4            
53029.535  1414.2            
53121.864  1397.6            
53214.181  1385.4            
53306.486  1388.5            
53398.778  1398            
53491.058  1407.6            
53583.325  1423.7            
53675.58  1404.9            
53767.822  1372.2            
53860.052  1362.1            
53952.269  1366.5            
54044.474  1375.9            
54136.667  1363.2            
54228.847  1383.2            
54321.015  1385.2            
54413.17  1366.1            
54505.313  1354.4            
54597.443  1367            
54689.561  1373.3            
54781.667  1369            
54873.76  1365.4            
54965.841  1375.9            
55057.909  1343.5            
55149.965  1338.4            
55242.008  1357.3            
55334.039  1366.1            
55426.058  1376.5            
55518.064  1357.5            
55610.058  1350            
55702.039  1360.9            
55794.008  1354.1            
55885.965  1330.8            
55977.909  1333.4            
56069.841  1328.5            
56161.76  1343.9            
56253.667  1364.3            
56345.562  1349.8            
56437.444  1345.2            
56529.314  1354            
56621.171  1359.4            
56713.016  1366.8            
56804.849  1377.4            
56896.669  1371.6            
56988.477  1372.2            
57080.272  1372.5            
57172.055  1370.1            
57263.826  1376.7            
57355.584  1380.9            
57447.33  1362.8            
57539.063  1350            
57630.784  1362.7            
57722.493  1381.6            
57814.189  1397            
57905.873  1396.5            
57997.545  1409.7            
58089.204  1401.4            
58180.851  1401.2            
58272.485  1396.1            
58364.108  1381.1            
58455.717  1387.8            
58547.315  1393            
58638.9  1400            
58730.472  1408.3            
58822.032  1425.2            
58913.58  1414.5            
59005.116  1397.6            
59096.639  1393.5            
59188.15  1410.1            
59279.648  1429.3            
59371.134  1416.4            
59462.608  1421.3            
59554.07  1441.1            
59645.519  1431.7            
59736.955  1415.5            
59828.38  1440.4            
59919.792  1429.6            
60011.191  1421.3            
60102.579  1432.7            
60193.954  1431.8            
60285.316  1439.5            
60376.667  1449.5            
60468.005  1472.8            
60559.33  1482.9            
60650.644  1473.7            
60741.945  1464.4            
60833.233  1475.7            
60924.51  1468.7            
61015.774  1477.3            
61107.025  1492            
61198.265  1483.7            
61289.492  1477.4            
61380.706  1502.6            
61471.909  1541            
61563.099  1543            
61654.276  1531.6            
61745.442  1534            
61836.595  1537.7            
61927.736  1536.5            
62018.864  1539            
62109.98  1524.9            
62201.084  1556.4            
62292.175  1552.2            
62383.255  1561.8            
62474.322  1580.6            
62565.376  1565.9            
62656.418  1567.2            
62747.448  1587.2            
62838.466  1578.8            
62929.472  1576.6            
63020.465  1582.2            
63111.445  1563.7            
63202.414  1582.1            
63293.37  1605.5            
63384.314  1600.6            
63475.246  1602.6            
63566.165  1609.8            
63657.072  1586.6            
63747.967  1587.2            
63838.849  1615.7            
63929.719  1610.2            
64020.577  1593            
64111.423  1610            
64202.256  1603.9            
64293.077  1576.9            
64383.886  1546.6            
64474.683  1554            
64565.467  1521.3            
64656.239  1491.1            
64746.999  1464.3            
64837.746  1473.8            
64928.481  1498.7            
65019.204  1494.2            
65109.915  1459.2            
65200.613  1441.4            
65291.299  1445.3            
65381.973  1459.6            
65472.635  1448.6            
65563.284  1439.9            
65653.921  1435.4            
65744.546  1404.1            
65835.158  1374            
65925.759  1365.3            
66016.347  1365            
66106.922  1373            
66197.486  1350.9            
66288.037  1324.2            
66378.576  1307.4            
66469.103  1308.2            
66559.618  1316.4            
66650.12  1308.9            
66740.61  1291.1            
66831.088  1288.3            
66921.553  1277.9            
67012.007  1281.1            
67102.448  1263.8            
67192.877  1247.7            
67283.293  1253.8            
67373.698  1249.8            
67464.09  1248.5            
67554.47  1264.6            
67644.838  1266.4            
67735.193  1263            
67825.537  1260.6            
67915.868  1254.9            
68006.187  1242.4            
68096.493  1249.7            
68186.788  1249.5            
68277.07  1250.9            
68367.34  1249            
68457.598  1236.4            
68547.843  1232.1            
68638.076  1238.1            
68728.298  1249.4            
68818.507  1233.2            
68908.703  1238.5            
68998.888  1236.7            
69089.06  1236.9            
69179.22  1231.5            
69269.368  1225            
69359.504  1217.5            
69449.627  1204.3            
69539.739  1210.8            
69629.838  1216.2            
69719.925  1209            
69809.999  1203.9            
69900.062  1192            
69990.112  1194.3            
70080.15  1225.6            
70170.176  1221.6            
70260.19  1198.5            
70350.192  1202.5            
70440.181  1196.3            
70530.158  1194.3            
70620.123  1197            
70710.076  1193.7            
70800.017  1183.6            
70889.945  1175.4            
70979.862  1190.5            
71069.766  1188.4            
71159.658  1192.3            
71249.538  1195.7            
71339.405  1192.8            
71429.261  1194.1            
71519.104  1181.6            
71608.935  1179.7            
71698.754  1189            
71788.561  1184.4            
71878.356  1176.3            
71968.138  1175            
72057.909  1180.1            
72147.667  1168.3            
72237.413  1181.2            
72327.147  1184.1            
72416.869  1166.8            
72506.578  1157.4            
72596.276  1159.2            
72685.961  1168.2            
72775.634  1171.7            
72865.295  1168.9            
72954.944  1171.2            
73044.58  1174.8            
73134.205  1169.4            
73223.817  1185.1            
73313.418  1184.2            
73403.006  1184.4            
73492.582  1178.5            
73582.146  1167.5            
73671.697  1153.2            
73761.237  1165            
73850.764  1152.4            
73940.28  1156.1            
74029.783  1140.3            
74119.274  1130.6            
74208.753  1138            
74298.22  1160.3            
74387.675  1163.3            
74477.117  1154.1            
74566.548  1160.1            
74655.966  1164.4            
74745.372  1157.2            
74834.766  1160.6            
74924.148  1141.5            
75013.518  1133.1            
75102.876  1120.1            
75192.222  1128.7            
75281.555  1128.6            
75370.877  1128            
75460.186  1131.6            
75549.483  1140.4            
75638.769  1132.1            
75728.042  1130            
75817.302  1124.9            
75906.551  1134.2            
75995.788  1142.4            
76085.013  1141.1            
76174.225  1141.3            
76263.426  1139.1            
76352.614  1135.9            
76441.79  1141.1            
76530.955  1140.7            
76620.107  1134.1            
76709.247  1129.5            
76798.375  1136.1            
76887.491  1145.9            
76976.594  1129.6            
77065.686  1121.3            
77154.766  1132.1            
77243.833  1133.1            
77332.889  1124.4            
77421.932  1131.2            
77510.963  1136.1            
77599.982  1139.6            
77688.99  1135.7            
77777.985  1125.6            
77866.968  1117.8            
77955.939  1128.3            
78044.898  1126.7            
78133.844  1124.7            
78222.779  1136.8            
78311.702  1130.8            
78400.612  1132.5            
78489.511  1129            
78578.398  1141.8            
78667.272  1122.1            
78756.134  1114.1            
78844.985  1114.1            
78933.823  1121.2            
79022.649  1121.7            
79111.464  1121.3            
79200.266  1118.1            
79289.056  1117            
79377.834  1118.6            
79466.6  1115            
79555.354  1106.4            
79644.096  1113.2            
79732.826  1116.4            
79821.544  1108.4            
79910.249  1121.2            
79998.943  1116.9            
80087.625  1116            
80176.295  1118.1            
80264.952  1104.6            
80353.598  1105.4            
80442.232  1100.8            
80530.853  1094.7            
80619.463  1095.9            
80708.061  1092.3            
80796.646  1091.6            
80885.22  1096.7            
80973.781  1091.7            
81062.331  1092.6            
81150.868  1110.4            
81239.393  1117.3            
81327.907  1104.4            
81416.408  1100.5            
81504.898  1090.9            
81593.375  1100.7            
81681.84  1092.8            
81770.294  1092.6            
81858.735  1107.3            
81947.165  1113.5            
82035.582  1101.9            
82123.987  1093.3            
82212.381  1092.6            
82300.762  1100.1            
82389.131  1092.8            
82477.489  1092.4            
82565.834  1097            
82654.167  1090.4            
82742.489  1091.9            
82830.798  1094.6            
82919.096  1100            
83007.381  1092.1            
83095.654  1099.8            
83183.916  1092.2            
83272.165  1084.8            
83360.403  1103.7            
83448.628  1093.6            
83536.842  1087.9            
83625.043  1090.1            
83713.233  1091.4            
83801.41  1094.9            
83889.576  1082.5            
83977.73  1077.8            
84065.871  1078.6            
84154.001  1081.3            
84242.119  1087.8            
84330.224  1096.5            
84418.318  1083.1            
84506.4  1089.5            
84594.47  1086.1            
84682.528  1068            
84770.574  1063.5            
84858.608  1071.9            
84946.63  1081.2            
85034.64  1076.4            
85122.638  1077.2            
85210.624  1080.6            
85298.598  1079.5            
85386.56  1081            
85474.511  1089.1            
85562.449  1073.7            
85650.375  1057.3            
85738.29  1068.6            
85826.192  1072.8            
85914.083  1079.3            
86001.961  1062.1            
86089.828  1054.7            
86177.683  1055.8            
86265.526  1060.6            
86353.356  1057.6            
86441.175  1059.2            
86528.982  1068.6            
86616.777  1063.2            
86704.561  1056.4            
86792.332  1052.5            
86880.091  1053.6            
86967.838  1061.6            
87055.574  1056            
87143.297  1057.4            
87231.009  1054.8            
87318.708  1055.2            
87406.396  1066.2            
87494.072  1058.6            
87581.736  1060.2            
87669.388  1062            
87757.028  1056.2            
87844.656  1047.6            
87932.272  1059.8            
88019.877  1059.9            
88107.469  1061.8            
88195.049  1067            
88282.618  1047.5            
88370.175  1049.1            
88457.72  1055.6            
88545.252  1059.6            
88632.773  1068            
88720.282  1060.6            
88807.78  1061.6            
88895.265  1052.4            
88982.738  1053.6            
89070.2  1044.9            
89157.649  1048.7            
