burned 4.30             
x       y           
[m<sup>-1</sup>]     [CCD cts]         
5483.5126  785.40002            
5582.2204  785.79999            
5680.9151  785.79999            
5779.5966  786.40002            
5878.2649  785.59998            
5976.92  785.40002            
6075.562  785.79999            
6174.1908  785.79999            
6272.8065  785.59998            
6371.4089  785.40002            
6469.9982  786.20001            
6568.5744  786.40002            
6667.1373  785.59998            
6765.6872  785.79999            
6864.2238  785.59998            
6962.7473  785.79999            
7061.2577  786.79999            
7159.7549  786.40002            
7258.2389  786.59998            
7356.7098  784.79999            
7455.1675  786.20001            
7553.6121  785.20001            
7652.0435  785.59998            
7750.4618  785.20001            
7848.867  786.40002            
7947.259  785.40002            
8045.6379  785.79999            
8144.0036  786            
8242.3562  785.79999            
8340.6957  785.59998            
8439.022  786.20001            
8537.3352  785.20001            
8635.6352  785.79999            
8733.9221  786.20001            
8832.1959  787            
8930.4566  786            
9028.7042  786            
9126.9386  785.79999            
9225.1599  786.40002            
9323.3681  786.40002            
9421.5631  787            
9519.745  788.59998            
9617.9139  790.20001            
9716.0696  789.59998            
9814.2122  793.79999            
9912.3416  800.20001            
10010.458  811.40002            
10108.561  832            
10206.651  873.20001            
10304.728  933.40002            
10402.792  1016            
10500.843  1089.8            
10598.881  1103.8            
10696.906  1086            
10794.917  1061.8            
10892.916  1033.8            
10990.901  1022.4            
11088.873  1006.8            
11186.832  1013.4            
11284.778  1028.6            
11382.711  1041.4            
11480.631  1048.8            
11578.538  1079.6            
11676.432  1083.4            
11774.312  1096.2            
11872.18  1107            
11970.034  1118.8            
12067.876  1113.6            
12165.704  1102.2            
12263.519  1105.2            
12361.322  1087.6            
12459.111  1081.8            
12556.887  1077.2            
12654.65  1076.8            
12752.399  1080            
12850.136  1070.6            
12947.86  1072.8            
13045.571  1069            
13143.268  1073.6            
13240.953  1068.2            
13338.624  1070            
13436.283  1081            
13533.928  1097.8            
13631.56  1088.6            
13729.18  1073.2            
13826.786  1089.2            
13924.379  1089.2            
14021.959  1079.4            
14119.526  1092            
14217.08  1096.6            
14314.621  1091.8            
14412.149  1090.4            
14509.664  1089.4            
14607.166  1098.6            
14704.655  1102.4            
14802.13  1122.4            
14899.593  1133.6            
14997.043  1171            
15094.479  1192.2            
15191.903  1183.6            
15289.314  1141.6            
15386.711  1122.2            
15484.096  1103.6            
15581.467  1082.4            
15678.826  1072.4            
15776.171  1088            
15873.504  1086.8            
15970.823  1077.8            
16068.13  1066.2            
16165.423  1068.6            
16262.703  1067.2            
16359.971  1073.4            
16457.225  1081            
16554.466  1073.2            
16651.695  1066.6            
16748.91  1051            
16846.112  1048.6            
16943.302  1059            
17040.478  1063            
17137.641  1062.6            
17234.792  1062            
17331.929  1053.6            
17429.053  1054            
17526.165  1045.2            
17623.263  1046            
17720.348  1049.6            
17817.42  1053.6            
17914.48  1054            
18011.526  1050.4            
18108.56  1058.6            
18205.58  1060.6            
18302.587  1055.8            
18399.582  1044.6            
18496.563  1047.8            
18593.532  1043.2            
18690.487  1048.2            
18787.43  1046.6            
18884.359  1041.4            
18981.276  1054.6            
19078.179  1052.2            
19175.07  1053.4            
19271.947  1056.2            
19368.812  1046            
19465.664  1050            
19562.503  1052            
19659.328  1060.8            
19756.141  1065.8            
19852.941  1061.6            
19949.728  1055.8            
20046.502  1065.8            
20143.263  1061            
20240.011  1054.4            
20336.746  1063.4            
20433.468  1069.2            
20530.177  1068.4            
20626.873  1073            
20723.557  1066            
20820.227  1067.8            
20916.884  1065.4            
21013.529  1060.4            
21110.16  1059            
21206.779  1059.2            
21303.384  1066.8            
21399.977  1075.4            
21496.557  1084.8            
21593.124  1074.6            
21689.677  1079            
21786.218  1076.8            
21882.746  1068.6            
21979.261  1060.4            
22075.764  1074            
22172.253  1055.8            
22268.729  1047.6            
22365.193  1054            
22461.643  1044.2            
22558.081  1048.6            
22654.505  1042.2            
22750.917  1051            
22847.316  1047            
22943.702  1034.8            
23040.075  1025.8            
23136.435  1022.8            
23232.782  1030            
23329.116  1033.6            
23425.437  1022.6            
23521.746  1028.8            
23618.041  1033            
23714.324  1016.2            
23810.594  1017.4            
23906.85  1015.6            
24003.094  1020.4            
24099.325  1036.4            
24195.544  1037.6            
24291.749  1019.8            
24387.941  1014            
24484.121  1010.2            
24580.287  1012.8            
24676.441  1007.6            
24772.582  998.20001            
24868.71  997.79999            
24964.825  1009.2            
25060.927  1010.8            
25157.016  998.40002            
25253.092  998.40002            
25349.156  1001.6            
25445.207  998.79999            
25541.244  997.40002            
25637.269  996.40002            
25733.281  1000.2            
25829.281  993.79999            
25925.267  1006.4            
26021.24  1000            
26117.201  1001.6            
26213.148  995            
26309.083  1000.2            
26405.005  991.79999            
26500.914  991            
26596.811  990            
26692.694  1000.8            
26788.565  1003            
26884.422  997.40002            
26980.267  995            
27076.099  993.40002            
27171.918  994.79999            
27267.725  996.79999            
27363.518  1003            
27459.299  1001.8            
27555.066  1002.6            
27650.821  997            
27746.563  998            
27842.293  993.20001            
27938.009  992.59998            
28033.713  989            
28129.403  989.59998            
28225.081  993.79999            
28320.746  996.59998            
28416.399  989.40002            
28512.038  1000.8            
28607.665  989            
28703.278  992.59998            
28798.879  986.59998            
28894.467  987.59998            
28990.043  983.20001            
29085.605  987            
29181.155  997.79999            
29276.692  994.20001            
29372.216  997            
29467.727  993.40002            
29563.225  998.40002            
29658.711  993.79999            
29754.184  998.20001            
29849.644  1001.2            
29945.091  1000.2            
30040.525  997.40002            
30135.947  983.59998            
30231.355  988.40002            
30326.751  994.20001            
30422.134  987.20001            
30517.505  992            
30612.862  994            
30708.207  996.40002            
30803.539  989.20001            
30898.858  990.59998            
30994.165  986            
31089.458  993.59998            
31184.739  986.79999            
31280.007  993.79999            
31375.262  980.59998            
31470.505  981            
31565.734  985.59998            
31660.951  989.59998            
31756.156  987.20001            
31851.347  986.40002            
31946.525  983.59998            
32041.691  983            
32136.844  988.59998            
32231.984  991.20001            
32327.112  993.79999            
32422.227  981.79999            
32517.329  984.20001            
32612.418  989.20001            
32707.494  983.59998            
32802.558  992.20001            
32897.609  993.59998            
32992.647  982.40002            
33087.672  980.40002            
33182.685  978.59998            
33277.685  983.20001            
33372.672  984            
33467.646  978.59998            
33562.608  986.40002            
33657.557  982.40002            
33752.493  981.40002            
33847.416  985.59998            
33942.327  985            
34037.224  997.59998            
34132.11  988.20001            
34226.982  990.40002            
34321.842  989.79999            
34416.689  986.40002            
34511.523  977.20001            
34606.344  984            
34701.153  977.79999            
34795.949  983            
34890.732  981.79999            
34985.503  978.59998            
35080.26  982.79999            
35175.005  986.40002            
35269.738  980.40002            
35364.457  975.20001            
35459.164  975.40002            
35553.858  981            
35648.54  980            
35743.208  978.59998            
35837.865  983.20001            
35932.508  977.40002            
36027.138  978            
36121.756  974            
36216.361  973            
36310.954  976.79999            
36405.534  970.59998            
36500.101  980            
36594.655  975.59998            
36689.197  975.79999            
36783.726  982.20001            
36878.242  980.40002            
36972.745  969.20001            
37067.236  973.20001            
37161.714  968            
37256.18  975.59998            
37350.632  977.79999            
37445.072  977.20001            
37539.5  976.79999            
37633.915  982            
37728.316  982.59998            
37822.706  984.79999            
37917.082  974.79999            
38011.446  973.79999            
38105.798  980.40002            
38200.136  978.59998            
38294.462  978            
38388.775  979.59998            
38483.076  989.40002            
38577.364  980            
38671.639  975.20001            
38765.901  977            
38860.151  984            
38954.388  984.59998            
39048.613  986            
39142.825  982.59998            
39237.024  984.40002            
39331.211  977.20001            
39425.384  967.59998            
39519.546  979.20001            
39613.694  983.40002            
39707.83  982.20001            
39801.953  986            
39896.064  983.59998            
39990.162  988            
40084.247  988.59998            
40178.32  978.79999            
40272.38  992            
40366.427  995.59998            
40460.462  991.20001            
40554.484  991.40002            
40648.493  986.20001            
40742.49  990.79999            
40836.474  987.40002            
40930.446  986.79999            
41024.404  985.20001            
41118.351  987.59998            
41212.284  988.40002            
41306.205  985.79999            
41400.113  998            
41494.009  997.59998            
41587.892  988            
41681.763  991.40002            
41775.62  996            
41869.466  986.59998            
41963.298  984.40002            
42057.118  990.20001            
42150.925  982.20001            
42244.72  990.79999            
42338.502  993.20001            
42432.272  986.59998            
42526.029  990            
42619.773  990.59998            
42713.504  990.79999            
42807.223  977            
42900.93  988.59998            
42994.624  986.59998            
43088.305  996.20001            
43181.973  995.59998            
43275.629  985.40002            
43369.273  990.40002            
43462.904  990.20001            
43556.522  986.59998            
43650.127  986.20001            
43743.72  990            
43837.301  980.40002            
43930.869  975.20001            
44024.424  987.20001            
44117.967  979.79999            
44211.497  982            
44305.014  984.20001            
44398.519  987            
44492.011  988.20001            
44585.491  986.59998            
44678.958  979.59998            
44772.413  982.40002            
44865.855  1001            
44959.284  992            
45052.701  979            
45146.105  985.79999            
45239.497  986.79999            
45332.876  972.59998            
45426.243  982.20001            
45519.597  984.40002            
45612.938  988.59998            
45706.267  984.79999            
45799.583  987.79999            
45892.887  980.79999            
45986.178  979.79999            
46079.457  991.40002            
46172.723  991.20001            
46265.976  988.59998            
46359.217  989.40002            
46452.445  986            
46545.661  978            
46638.865  982.59998            
46732.055  996            
46825.233  987            
46918.399  982            
47011.552  983.59998            
47104.693  981.79999            
47197.821  987.20001            
47290.936  989            
47384.039  983.59998            
47477.13  995            
47570.207  990.79999            
47663.273  991.59998            
47756.325  989.59998            
47849.366  999            
47942.393  991            
48035.409  993.59998            
48128.411  986            
48221.401  995.40002            
48314.379  996            
48407.344  998.79999            
48500.297  1000.2            
48593.237  1005            
48686.164  1001.2            
48779.079  1007.6            
48871.982  997.20001            
48964.872  992.20001            
49057.749  994.59998            
49150.614  998.40002            
49243.467  1003.2            
49336.307  1006.6            
49429.134  1012.2            
49521.949  1008.2            
49614.751  1018.2            
49707.541  1002            
49800.319  1003.8            
49893.084  1011.4            
49985.836  1009.8            
50078.576  1017.6            
50171.303  1018.4            
50264.018  1018.4            
50356.721  1014.2            
50449.411  1017.4            
50542.088  1024.4            
50634.753  1031.4            
50727.406  1042.6            
50820.046  1026            
50912.673  1013.4            
51005.288  1019.2            
51097.891  1023.4            
51190.481  1019.2            
51283.058  1018.2            
51375.623  1017.4            
51468.176  1019.6            
51560.716  1030.4            
51653.244  1027.4            
51745.759  1037.4            
51838.262  1022.4            
51930.752  1018            
52023.23  1024            
52115.695  1025            
52208.148  1027.2            
52300.589  1027.6            
52393.016  1028.6            
52485.432  1025.6            
52577.835  1036.4            
52670.226  1029.6            
52762.604  1027            
52854.969  1025            
52947.323  1026            
53039.663  1034.8            
53131.992  1038.2            
53224.307  1025.4            
53316.611  1027.8            
53408.902  1036.8            
53501.18  1027.4            
53593.446  1030.4            
53685.7  1031.4            
53777.941  1030.8            
53870.17  1031.6            
53962.386  1031            
54054.59  1018.4            
54146.782  1025.4            
54238.961  1024.6            
54331.127  1025.2            
54423.281  1024.8            
54515.423  1019            
54607.552  1025            
54699.669  1032.6            
54791.774  1025            
54883.866  1012.8            
54975.945  1015            
55068.012  1013            
55160.067  1018.2            
55252.109  1032.8            
55344.139  1030            
55436.157  1034.4            
55528.162  1026.4            
55620.155  1028            
55712.135  1020.6            
55804.103  1018            
55896.058  1013            
55988.001  1012.6            
56079.932  1017.8            
56171.85  1013.8            
56263.756  1017.8            
56355.649  1015            
56447.53  1016            
56539.399  1015.4            
56631.255  1018.6            
56723.099  1024.4            
56814.93  1031.4            
56906.749  1033.8            
56998.556  1031.8            
57090.35  1018.6            
57182.132  1013.6            
57273.902  1013.2            
57365.659  1026.2            
57457.404  1030.2            
57549.136  1014            
57640.856  1014            
57732.563  1017.8            
57824.259  1031            
57915.941  1028.8            
58007.612  1030.4            
58099.27  1024.8            
58190.916  1020.6            
58282.549  1028.4            
58374.17  1021.2            
58465.779  1024.4            
58557.375  1025            
58648.959  1018            
58740.53  1018            
58832.089  1019.6            
58923.636  1026.8            
59015.171  1021.8            
59106.693  1031            
59198.202  1037.4            
59289.7  1031.6            
59381.185  1028.2            
59472.657  1025            
59564.118  1039.6            
59655.565  1039.2            
59747.001  1035.4            
59838.424  1041            
59929.835  1035.2            
60021.234  1038            
60112.62  1035            
60203.994  1035.2            
60295.355  1035.2            
60386.704  1033.6            
60478.041  1033            
60569.366  1037.6            
60660.678  1041.4            
60751.978  1046            
60843.265  1048.6            
60934.541  1041.6            
61025.803  1042.2            
61117.054  1045            
61208.292  1039.2            
61299.518  1040.8            
61390.732  1044.8            
61481.933  1050.8            
61573.122  1056            
61664.298  1057.6            
61755.463  1049.2            
61846.615  1048.4            
61937.754  1056.2            
62028.881  1055.8            
62119.996  1049.2            
62211.099  1056.8            
62302.19  1064.4            
62393.268  1053.2            
62484.333  1053.2            
62575.387  1062.8            
62666.428  1064.6            
62757.457  1048.2            
62848.474  1054.2            
62939.478  1062            
63030.47  1066.6            
63121.449  1061            
63212.417  1059            
63303.372  1059.6            
63394.315  1051.4            
63485.245  1055.6            
63576.163  1053.8            
63667.069  1054.8            
63757.963  1060.4            
63848.844  1047.4            
63939.713  1041.4            
64030.57  1051            
64121.415  1045.6            
64212.247  1049.2            
64303.067  1045.4            
64393.875  1045.4            
64484.67  1039.2            
64575.453  1043.6            
64666.224  1039.6            
64756.983  1037            
64847.729  1041            
64938.463  1039            
65029.185  1042            
65119.894  1029            
65210.591  1023.6            
65301.276  1026.6            
65391.949  1037.2            
65482.61  1032.2            
65573.258  1019.8            
65663.894  1023.4            
65754.517  1021.6            
65845.129  1009.8            
65935.728  1005.6            
66026.315  1011.4            
66116.89  1013.4            
66207.452  1004.2            
66298.002  996.79999            
66388.54  998            
66479.066  999.59998            
66569.579  988.20001            
66660.08  991.40002            
66750.569  993.79999            
66841.046  990.59998            
66931.511  981.59998            
67021.963  987.79999            
67112.403  978.79999            
67202.831  984.79999            
67293.246  990            
67383.65  992.40002            
67474.041  981            
67564.42  981.59998            
67654.786  983.40002            
67745.141  986.40002            
67835.483  984.79999            
67925.813  986            
68016.13  982.20001            
68106.436  978            
68196.729  983            
68287.01  979            
68377.279  978.59998            
68467.536  980.79999            
68557.78  982            
68648.013  983.40002            
68738.233  979.40002            
68828.44  974            
68918.636  972.79999            
69008.819  959.20001            
69098.991  973            
69189.15  966.40002            
69279.296  969            
69369.431  976.79999            
69459.553  969.79999            
69549.664  974.20001            
69639.762  976            
69729.848  973.59998            
69819.921  977.40002            
69909.983  976.79999            
70000.032  968            
70090.069  967.79999            
70180.094  966.20001            
70270.106  961.40002            
70360.107  970.40002            
70450.095  970.20001            
70540.071  972.59998            
70630.035  963.79999            
70719.987  964.79999            
70809.927  965.59998            
70899.854  965.40002            
70989.769  965.79999            
71079.672  968.59998            
71169.563  975.40002            
71259.442  956.59998            
71349.308  961            
71439.163  965.40002            
71529.005  971            
71618.835  966.59998            
71708.653  971.40002            
71798.459  971.59998            
71888.252  969.20001            
71978.034  966.40002            
72067.803  968.79999            
72157.56  962.40002            
72247.305  965            
72337.038  960.79999            
72426.758  960.79999            
72516.467  962.20001            
72606.163  960            
72695.847  951.79999            
72785.519  955.79999            
72875.179  958.79999            
72964.827  962.59998            
73054.463  958.79999            
73144.086  963.59998            
73233.697  957            
73323.297  956.79999            
73412.884  956.79999            
73502.458  968.20001            
73592.021  965            
73681.572  959.20001            
73771.11  967.20001            
73860.637  961.79999            
73950.151  960.59998            
74039.653  957.59998            
74129.143  963.20001            
74218.621  960            
74308.087  958.79999            
74397.54  963.20001            
74486.982  960.79999            
74576.411  947            
74665.828  958            
74755.234  952.40002            
74844.627  957            
74934.008  958.40002            
75023.376  963.40002            
75112.733  962            
75202.078  965.20001            
75291.41  967.40002            
75380.73  966.79999            
75470.039  958            
75559.335  958.40002            
75648.619  963.59998            
75737.891  955.40002            
75827.151  966.40002            
75916.398  959.59998            
76005.634  967.40002            
76094.858  973.79999            
76184.069  974.59998            
76273.269  977.79999            
76362.456  990            
76451.631  1004.4            
76540.794  1003.8            
76629.945  1015.4            
76719.084  1030            
76808.211  1027.2            
76897.326  1011            
76986.428  1002            
77075.519  989            
77164.597  980.20001            
77253.664  974.59998            
77342.718  983            
77431.761  986.40002            
77520.791  988            
77609.809  995.40002            
77698.815  988.20001            
77787.809  996.59998            
77876.791  1009.2            
77965.761  1014.8            
78054.719  1028.8            
78143.664  1032.2            
78232.598  1050.8            
78321.52  1078.4            
78410.429  1122.8            
78499.327  1192.2            
78588.212  1302.2            
78677.085  1464.8            
78765.947  1648.4            
78854.796  1779.8            
78943.633  1728.4            
79032.458  1570            
79121.272  1432.2            
79210.073  1294.2            
79298.862  1193.6            
79387.639  1152.4            
79476.404  1132.6            
79565.156  1128.6            
79653.897  1151.2            
79742.626  1168.2            
79831.343  1162.4            
79920.048  1132.2            
80008.74  1093.4            
80097.421  1049.4            
80186.09  1007.8            
80274.746  986.40002            
80363.391  971.20001            
80452.023  959.40002            
80540.644  956            
80629.252  960            
80717.849  955            
80806.433  947.59998            
80895.006  944.20001            
80983.566  945.40002            
81072.115  944            
81160.651  943.40002            
81249.175  941.20001            
81337.688  938.59998            
81426.188  933.20001            
81514.676  946.59998            
81603.153  938.40002            
81691.617  951.20001            
81780.069  942.20001            
81868.51  942.59998            
81956.938  934.59998            
82045.354  933.79999            
82133.758  942.59998            
82222.151  942.59998            
82310.531  940.20001            
82398.899  936.79999            
82487.256  933.40002            
82575.6  939.79999            
82663.932  935.59998            
82752.252  930.79999            
82840.561  931.40002            
82928.857  934.40002            
83017.141  928.59998            
83105.414  937            
83193.674  934.79999            
83281.922  938            
83370.159  933            
83458.383  923.59998            
83546.596  930.20001            
83634.796  931            
83722.985  934.79999            
83811.161  940.20001            
83899.326  935.40002            
83987.478  940.40002            
84075.619  934.59998            
84163.747  930.40002            
84251.864  935            
84339.969  936.20001            
84428.061  928.59998            
84516.142  930            
84604.211  930.79999            
84692.268  930.40002            
84780.312  927.40002            
84868.345  934.79999            
84956.366  933.40002            
85044.375  932.20001            
85132.372  924.20001            
85220.357  922            
85308.33  924.20001            
85396.292  926.79999            
85484.241  935.20001            
85572.178  936.59998            
85660.103  931.79999            
85748.017  927.59998            
85835.918  936.59998            
85923.808  936.40002            
86011.685  933.59998            
86099.551  934.20001            
86187.404  935.79999            
86275.246  936.59998            
86363.076  935.59998            
86450.894  933            
86538.7  929.20001            
86626.494  924.79999            
86714.276  920.59998            
86802.046  924.59998            
86889.804  926.59998            
86977.55  921.79999            
87065.285  929.59998            
87153.007  922.20001            
87240.718  926.59998            
87328.416  926.40002            
87416.103  930.59998            
87503.778  923.59998            
87591.44  931            
87679.091  926            
87766.73  927            
87854.357  929.59998            
87941.973  927.59998            
88029.576  926.40002            
88117.167  920.40002            
88204.747  929.59998            
88292.314  929.40002            
88379.87  929.20001            
88467.413  932.59998            
88554.945  928.20001            
88642.465  935            
88729.973  933            
88817.469  933.59998            
88904.953  930.59998            
88992.426  932.40002            
89079.886  925.59998            
89167.335  928.79999            
89254.771  923.79999            
89342.196  922.79999            
89429.609  927.59998            
89517.01  930.40002            
89604.399  924.20001            
89691.776  924.40002            
89779.142  923            
89866.495  915.59998            
89953.837  925.40002            
90041.166  923.20001            
90128.484  924            
90215.79  919.79999            
90303.084  923.79999            
90390.366  925.20001            
90477.637  926            
90564.895  927            
90652.142  933.40002            
90739.376  930.40002            
90826.599  927.79999            
90913.81  927.40002            
91001.009  932.59998            
91088.196  926.59998            
91175.372  922.79999            
91262.535  918.79999            
91349.687  923.20001            
91436.827  927            
91523.955  918.59998            
91611.071  919            
91698.175  925.59998            
91785.267  922.40002            
91872.348  924            
91959.417  922.20001            
92046.474  916.40002            
92133.518  916.20001            
92220.552  920.79999            
92307.573  924.40002            
92394.582  920.59998            
92481.58  925.40002            
92568.566  917.79999            
92655.54  922.79999            
92742.502  924            
92829.452  917.59998            
92916.391  919.20001            
93003.317  922.40002            
93090.232  913.79999            
93177.135  921            
93264.026  918.20001            
93350.905  915.40002            
93437.773  913.79999            
93524.628  920.40002            
93611.472  916.20001            
93698.304  913            
93785.124  909.79999            
93871.933  910.79999            
93958.729  910            
94045.514  916.40002            
94132.287  918.79999            
94219.048  923.79999            
94305.797  913            
94392.534  917.20001            
94479.26  920.40002            
94565.974  916.59998            
94652.676  916.79999            
94739.366  923.59998            
94826.045  919            
94912.711  912.20001            
94999.366  913.59998            
95086.009  920.40002            
95172.64  920.79999            
95259.26  914.20001            
95345.867  919.20001            
95432.463  928.40002            
95519.047  919.79999            
95605.619  921.79999            
95692.18  930            
95778.728  924.40002            
95865.265  929.20001            
95951.79  934.20001            
96038.304  942.20001            
96124.805  946.40002            
96211.295  956.20001            
96297.773  983.20001            
96384.239  989.40002            
96470.693  1016.6            
96557.136  1061            
96643.567  1112.4            
96729.986  1202.2            
96816.393  1277.6            
96902.789  1306.4            
96989.172  1313.6            
97075.544  1273.8            
97161.905  1223            
97248.253  1176.2            
97334.59  1087.4            
97420.915  1015.2            
97507.228  985.79999            
97593.529  963.79999            
97679.819  948.40002            
97766.097  933            
97852.363  927            
97938.617  918.20001            
98024.86  916.59998            
98111.09  914            
98197.31  916            
98283.517  916.20001            
98369.712  913.40002            
98455.896  908            
98542.068  909.79999            
98628.229  899.59998            
98714.377  900.20001            
98800.514  899.20001            
98886.639  900.59998            
98972.753  903.79999            
99058.854  899            
99144.944  897.40002            
99231.022  897            
99317.089  899            
99403.144  895.40002            
99489.187  896.40002            
99575.218  899.20001            
99661.237  894            
99747.245  891.59998            
99833.241  889            
99919.225  888            
100005.2  886            
100091.16  887.20001            
100177.11  889.79999            
100263.05  886.20001            
100348.97  888.40002            
100434.89  884.40002            
100520.79  891.59998            
100606.68  894            
100692.56  887.40002            
100778.42  887.20001            
100864.28  889            
100950.12  886            
101035.96  891.79999            
101121.78  894.20001            
101207.58  887            
101293.38  879            
101379.17  879.40002            
101464.94  883            
101550.7  879.20001            
101636.45  881            
101722.19  879.40002            
101807.92  881.59998            
101893.63  887.79999            
101979.34  886.20001            
102065.03  884.40002            
102150.71  875.79999            
102236.38  878.40002            
102322.03  884            
102407.68  885.40002            
102493.31  886.20001            
102578.93  886.20001            
102664.54  892.40002            
102750.14  888.79999            
102835.73  889.59998            
102921.3  884.20001            
103006.86  880.59998            
103092.41  879.79999            
103177.95  880.79999            
103263.48  880.40002            
103349  884.79999            
103434.5  891.20001            
103520  885.59998            
103605.48  876.20001            
103690.95  886            
103776.41  887.59998            
103861.85  887.79999            
103947.29  886            
104032.71  886            
104118.12  880.59998            
104203.52  883            
104288.91  878            
104374.29  881.59998            
104459.65  883.79999            
104545  881.59998            
