9.20 clean             
x       y           
[m<sup>-1</sup>]     [CCD cts]         
6075.562  785.70001            
6174.1908  785.5            
6272.8065  785.40002            
6371.4089  785.29999            
6469.9982  785.70001            
6568.5744  785            
6667.1373  785.09998            
6765.6872  786            
6864.2238  785.29999            
6962.7473  785.90002            
7061.2577  785.40002            
7159.7549  785.59998            
7258.2389  785.59998            
7356.7098  785.20001            
7455.1675  786            
7553.6121  786.59998            
7652.0435  785.59998            
7750.4618  785.09998            
7848.867  785.79999            
7947.259  786.09998            
8045.6379  785.70001            
8144.0036  786.29999            
8242.3562  785.09998            
8340.6957  786.40002            
8439.022  786.29999            
8537.3352  786.40002            
8635.6352  785.59998            
8733.9221  786            
8832.1959  786.59998            
8930.4566  786.09998            
9028.7042  786.40002            
9126.9386  785.79999            
9225.1599  786.5            
9323.3681  786.5            
9421.5631  787.59998            
9519.745  788.09998            
9617.9139  790.70001            
9716.0696  789.79999            
9814.2122  793.20001            
9912.3416  798.59998            
10010.458  809            
10108.561  830.79999            
10206.651  869.29999            
10304.728  926.59998            
10402.792  996            
10500.843  1049.1            
10598.881  1069.2            
10696.906  1056            
10794.917  1037            
10892.916  1023.1            
10990.901  1013            
11088.873  1005            
11186.832  999.5            
11284.778  1014.4            
11382.711  1023.3            
11480.631  1047.8            
11578.538  1073.9            
11676.432  1092.8            
11774.312  1092.4            
11872.18  1092.7            
11970.034  1101            
12067.876  1105            
12165.704  1098.9            
12263.519  1083.5            
12361.322  1077.6            
12459.111  1076.6            
12556.887  1072.4            
12654.65  1077.5            
12752.399  1069.3            
12850.136  1074            
12947.86  1064.2            
13045.571  1060.2            
13143.268  1062            
13240.953  1053.5            
13338.624  1070.9            
13436.283  1076.6            
13533.928  1072.8            
13631.56  1070            
13729.18  1070.8            
13826.786  1078.8            
13924.379  1072.7            
14021.959  1061.8            
14119.526  1071.2            
14217.08  1077.4            
14314.621  1072.6            
14412.149  1078.7            
14509.664  1066.3            
14607.166  1068            
14704.655  1085.1            
14802.13  1084.3            
14899.593  1083.8            
14997.043  1089.6            
15094.479  1089.1            
15191.903  1094.1            
15289.314  1081.8            
15386.711  1089.6            
15484.096  1080.5            
15581.467  1070.9            
15678.826  1062            
15776.171  1065.1            
15873.504  1057.6            
15970.823  1053.5            
16068.13  1039.7            
16165.423  1038.3            
16262.703  1036.9            
16359.971  1050.7            
16457.225  1059.2            
16554.466  1053.7            
16651.695  1042.5            
16748.91  1038.2            
16846.112  1041.3            
16943.302  1043.4            
17040.478  1041.5            
17137.641  1045.5            
17234.792  1042.1            
17331.929  1036.3            
17429.053  1028.4            
17526.165  1029.9            
17623.263  1036.3            
17720.348  1031.7            
17817.42  1030.3            
17914.48  1024.6            
18011.526  1031.4            
18108.56  1035.6            
18205.58  1033.9            
18302.587  1022            
18399.582  1013.7            
18496.563  1018.8            
18593.532  1020.3            
18690.487  1026.2            
18787.43  1017.8            
18884.359  1020.8            
18981.276  1020.5            
19078.179  1032.8            
19175.07  1034.9            
19271.947  1034.9            
19368.812  1026.5            
19465.664  1021.5            
19562.503  1032.3            
19659.328  1033.3            
19756.141  1038.6            
19852.941  1039.8            
19949.728  1036.9            
20046.502  1041            
20143.263  1034.9            
20240.011  1027.8            
20336.746  1033.6            
20433.468  1036.4            
20530.177  1039.4            
20626.873  1039.4            
20723.557  1037.6            
20820.227  1039.3            
20916.884  1044.2            
21013.529  1035.3            
21110.16  1025.6            
21206.779  1032.9            
21303.384  1043            
21399.977  1040.2            
21496.557  1041.8            
21593.124  1051.1            
21689.677  1047.7            
21786.218  1044.1            
21882.746  1034.4            
21979.261  1029.2            
22075.764  1033.2            
22172.253  1026.5            
22268.729  1017.3            
22365.193  1021.7            
22461.643  1020.2            
22558.081  1019.3            
22654.505  1015.3            
22750.917  1023.8            
22847.316  1024.2            
22943.702  1008.5            
23040.075  1006.5            
23136.435  1006.7            
23232.782  1007.9            
23329.116  1009.7            
23425.437  1013.9            
23521.746  1006.3            
23618.041  1004.3            
23714.324  1002.1            
23810.594  1002.9            
23906.85  995.40002            
24003.094  992.59998            
24099.325  997.59998            
24195.544  995.90002            
24291.749  992            
24387.941  989.29999            
24484.121  998.5            
24580.287  1004.9            
24676.441  996.70001            
24772.582  988            
24868.71  990.79999            
24964.825  992.79999            
25060.927  996.5            
25157.016  1004            
25253.092  993.59998            
25349.156  993.40002            
25445.207  990.70001            
25541.244  983.79999            
25637.269  989.90002            
25733.281  987.5            
25829.281  986.29999            
25925.267  991.5            
26021.24  990.70001            
26117.201  988.90002            
26213.148  986.09998            
26309.083  990.40002            
26405.005  987.5            
26500.914  989.40002            
26596.811  989.79999            
26692.694  993.70001            
26788.565  983.90002            
26884.422  985.20001            
26980.267  980.70001            
27076.099  988.29999            
27171.918  987.79999            
27267.725  992.59998            
27363.518  1000.4            
27459.299  1003.5            
27555.066  999.59998            
27650.821  994.79999            
27746.563  988            
27842.293  998.79999            
27938.009  996.40002            
28033.713  994.70001            
28129.403  988.59998            
28225.081  989            
28320.746  995.5            
28416.399  984.5            
28512.038  992.29999            
28607.665  996.40002            
28703.278  993.79999            
28798.879  996.59998            
28894.467  995.5            
28990.043  988.70001            
29085.605  993.59998            
29181.155  999.09998            
29276.692  994.20001            
29372.216  998.59998            
29467.727  999.29999            
29563.225  993.70001            
29658.711  995.59998            
29754.184  995.5            
29849.644  1000            
29945.091  995.90002            
30040.525  988            
30135.947  989.09998            
30231.355  987.90002            
30326.751  992.20001            
30422.134  993.20001            
30517.505  990.09998            
30612.862  993.5            
30708.207  996.59998            
30803.539  994.70001            
30898.858  993.79999            
30994.165  988.09998            
31089.458  986.79999            
31184.739  993.59998            
31280.007  992.90002            
31375.262  989.59998            
31470.505  981.90002            
31565.734  978            
31660.951  982.70001            
31756.156  984.09998            
31851.347  988.79999            
31946.525  982.90002            
32041.691  983.79999            
32136.844  989.5            
32231.984  985.20001            
32327.112  993.90002            
32422.227  986.90002            
32517.329  980.29999            
32612.418  984.29999            
32707.494  988.09998            
32802.558  984.5            
32897.609  984.90002            
32992.647  978.70001            
33087.672  977            
33182.685  978            
33277.685  980.40002            
33372.672  990.29999            
33467.646  991.40002            
33562.608  979.79999            
33657.557  982.20001            
33752.493  987.5            
33847.416  990.20001            
33942.327  985.79999            
34037.224  989.90002            
34132.11  989.79999            
34226.982  998.59998            
34321.842  995.70001            
34416.689  999.59998            
34511.523  994.5            
34606.344  996.70001            
34701.153  990.59998            
34795.949  987            
34890.732  986.20001            
34985.503  996.09998            
35080.26  997.29999            
35175.005  999.5            
35269.738  989.09998            
35364.457  985.70001            
35459.164  987.5            
35553.858  992.90002            
35648.54  997.59998            
35743.208  998.09998            
35837.865  999.09998            
35932.508  993.5            
36027.138  989.5            
36121.756  989.59998            
36216.361  987.59998            
36310.954  986.5            
36405.534  985.90002            
36500.101  977.20001            
36594.655  979.20001            
36689.197  985.90002            
36783.726  984.90002            
36878.242  989.29999            
36972.745  985.90002            
37067.236  983.90002            
37161.714  985.29999            
37256.18  983.5            
37350.632  982.20001            
37445.072  985.20001            
37539.5  984.5            
37633.915  977.90002            
37728.316  981.79999            
37822.706  988.20001            
37917.082  982            
38011.446  971.59998            
38105.798  980.5            
38200.136  987.59998            
38294.462  977.90002            
38388.775  980.29999            
38483.076  983.5            
38577.364  981.59998            
38671.639  970.5            
38765.901  979.29999            
38860.151  983.90002            
38954.388  986.20001            
39048.613  981.5            
39142.825  984.5            
39237.024  982.79999            
39331.211  981.90002            
39425.384  971.90002            
39519.546  979.40002            
39613.694  983.90002            
39707.83  978.79999            
39801.953  984.70001            
39896.064  981.40002            
39990.162  977.20001            
40084.247  979.40002            
40178.32  986.90002            
40272.38  989.90002            
40366.427  988.20001            
40460.462  982.20001            
40554.484  987.70001            
40648.493  986            
40742.49  985.90002            
40836.474  985.79999            
40930.446  983.20001            
41024.404  982.40002            
41118.351  986.79999            
41212.284  977.09998            
41306.205  984.20001            
41400.113  988.70001            
41494.009  989.40002            
41587.892  989.79999            
41681.763  990            
41775.62  985.40002            
41869.466  981.59998            
41963.298  982.20001            
42057.118  984            
42150.925  986.90002            
42244.72  992            
42338.502  991.5            
42432.272  981            
42526.029  988.40002            
42619.773  992.59998            
42713.504  987            
42807.223  984.79999            
42900.93  986.79999            
42994.624  988.20001            
43088.305  992.09998            
43181.973  992            
43275.629  985.59998            
43369.273  989.20001            
43462.904  987.40002            
43556.522  983.20001            
43650.127  987.40002            
43743.72  980.79999            
43837.301  972.79999            
43930.869  973.90002            
44024.424  988.09998            
44117.967  987.40002            
44211.497  985.5            
44305.014  987.20001            
44398.519  988.29999            
44492.011  988.59998            
44585.491  983.90002            
44678.958  977.70001            
44772.413  984.09998            
44865.855  988.09998            
44959.284  991.20001            
45052.701  985            
45146.105  987.5            
45239.497  988.20001            
45332.876  981.09998            
45426.243  978.90002            
45519.597  977.90002            
45612.938  983.20001            
45706.267  978.59998            
45799.583  981.70001            
45892.887  985.29999            
45986.178  986.5            
46079.457  991.70001            
46172.723  995.5            
46265.976  997.29999            
46359.217  987.70001            
46452.445  990.40002            
46545.661  994.40002            
46638.865  995.79999            
46732.055  996            
46825.233  1000.3            
46918.399  996.20001            
47011.552  985.40002            
47104.693  984.90002            
47197.821  988.09998            
47290.936  992            
47384.039  993            
47477.13  1003.1            
47570.207  995.29999            
47663.273  995            
47756.325  996.5            
47849.366  999.59998            
47942.393  994.79999            
48035.409  995.90002            
48128.411  992.40002            
48221.401  997.20001            
48314.379  1005.4            
48407.344  1001.6            
48500.297  999.79999            
48593.237  1004.2            
48686.164  1003.1            
48779.079  1003.6            
48871.982  997.79999            
48964.872  999.20001            
49057.749  999.5            
49150.614  1002.7            
49243.467  1002.6            
49336.307  1008.8            
49429.134  1009.6            
49521.949  1013.6            
49614.751  1011.7            
49707.541  1005.1            
49800.319  1000.7            
49893.084  1014            
49985.836  1013.4            
50078.576  1008.2            
50171.303  1013            
50264.018  1007.6            
50356.721  1009.3            
50449.411  1009.2            
50542.088  1023.1            
50634.753  1017.3            
50727.406  1019.7            
50820.046  1013.5            
50912.673  1008.6            
51005.288  1013.7            
51097.891  1019.5            
51190.481  1018            
51283.058  1017.7            
51375.623  1021.4            
51468.176  1015.2            
51560.716  1020.5            
51653.244  1026            
51745.759  1020.5            
51838.262  1020.5            
51930.752  1026.5            
52023.23  1023.7            
52115.695  1023.3            
52208.148  1022.9            
52300.589  1026.9            
52393.016  1023            
52485.432  1028.8            
52577.835  1030            
52670.226  1037.8            
52762.604  1028.4            
52854.969  1027.2            
52947.323  1032            
53039.663  1034.9            
53131.992  1040.7            
53224.307  1038.7            
53316.611  1027.1            
53408.902  1025.5            
53501.18  1020.9            
53593.446  1021.7            
53685.7  1025.8            
53777.941  1024.1            
53870.17  1019.7            
53962.386  1032.5            
54054.59  1035.2            
54146.782  1033.9            
54238.961  1031.6            
54331.127  1027.3            
54423.281  1030.3            
54515.423  1041.9            
54607.552  1037.2            
54699.669  1044.8            
54791.774  1025            
54883.866  1021.9            
54975.945  1020.3            
55068.012  1014.9            
55160.067  1020.9            
55252.109  1033.8            
55344.139  1040            
55436.157  1039.7            
55528.162  1035.6            
55620.155  1037.7            
55712.135  1036            
55804.103  1044            
55896.058  1041.4            
55988.001  1039.1            
56079.932  1038.4            
56171.85  1037            
56263.756  1040.9            
56355.649  1048.2            
56447.53  1047            
56539.399  1039.4            
56631.255  1052.7            
56723.099  1048.4            
56814.93  1045            
56906.749  1041.1            
56998.556  1047.8            
57090.35  1046.2            
57182.132  1046.2            
57273.902  1052.3            
57365.659  1060.9            
57457.404  1061.2            
57549.136  1059.6            
57640.856  1048.1            
57732.563  1049.5            
57824.259  1059.8            
57915.941  1065.2            
58007.612  1064.5            
58099.27  1068.9            
58190.916  1060.5            
58282.549  1059.3            
58374.17  1054.6            
58465.779  1055.6            
58557.375  1050            
58648.959  1051.5            
58740.53  1052.5            
58832.089  1064.3            
58923.636  1072.8            
59015.171  1079.6            
59106.693  1084.1            
59198.202  1085.2            
59289.7  1071.8            
59381.185  1073.4            
59472.657  1072.9            
59564.118  1079.7            
59655.565  1080.4            
59747.001  1088.1            
59838.424  1088.1            
59929.835  1078.7            
60021.234  1084.1            
60112.62  1092.1            
60203.994  1096.8            
60295.355  1093.2            
60386.704  1090.2            
60478.041  1084.8            
60569.366  1100.1            
60660.678  1108.3            
60751.978  1110.4            
60843.265  1109.6            
60934.541  1113            
61025.803  1121            
61117.054  1129.9            
61208.292  1127.1            
61299.518  1123.7            
61390.732  1124.8            
61481.933  1139.8            
61573.122  1148            
61664.298  1142.4            
61755.463  1138.9            
61846.615  1143.7            
61937.754  1150.3            
62028.881  1147.5            
62119.996  1143.6            
62211.099  1159.1            
62302.19  1168.1            
62393.268  1160.1            
62484.333  1166.2            
62575.387  1176.7            
62666.428  1177.8            
62757.457  1181.3            
62848.474  1162.7            
62939.478  1175.9            
63030.47  1179.2            
63121.449  1189.4            
63212.417  1188.2            
63303.372  1191.6            
63394.315  1196            
63485.245  1199.1            
63576.163  1194.2            
63667.069  1209            
63757.963  1206.9            
63848.844  1212.4            
63939.713  1220.7            
64030.57  1215            
64121.415  1202.3            
64212.247  1195.7            
64303.067  1199            
64393.875  1189.5            
64484.67  1180.4            
64575.453  1167.3            
64666.224  1162.1            
64756.983  1173.9            
64847.729  1164.2            
64938.463  1158.3            
65029.185  1160.3            
65119.894  1144.4            
65210.591  1140.3            
65301.276  1138.2            
65391.949  1137.4            
65482.61  1128.6            
65573.258  1102.1            
65663.894  1090.2            
65754.517  1091.7            
65845.129  1085.9            
65935.728  1085.1            
66026.315  1083.2            
66116.89  1077.9            
66207.452  1066.5            
66298.002  1054.3            
66388.54  1051.1            
66479.066  1051.5            
66569.579  1039.9            
66660.08  1046.7            
66750.569  1031.6            
66841.046  1026            
66931.511  1015.6            
67021.963  1015.4            
67112.403  1015.9            
67202.831  1013.4            
67293.246  1015.6            
67383.65  1014.6            
67474.041  1013.4            
67564.42  1002            
67654.786  1001.1            
67745.141  1004            
67835.483  996.29999            
67925.813  994.70001            
68016.13  994.59998            
68106.436  988.09998            
68196.729  989.59998            
68287.01  993.5            
68377.279  984.79999            
68467.536  983.09998            
68557.78  984.79999            
68648.013  984.5            
68738.233  987.29999            
68828.44  982.09998            
68918.636  972.59998            
69008.819  975.40002            
69098.991  970.90002            
69189.15  973.59998            
69279.296  977.70001            
69369.431  980.09998            
69459.553  975.90002            
69549.664  973            
69639.762  970.59998            
69729.848  971.29999            
69819.921  967.5            
69909.983  969            
70000.032  968.90002            
70090.069  962.90002            
70180.094  961.90002            
70270.106  962.90002            
70360.107  961.5            
70450.095  956            
70540.071  955.5            
70630.035  955.59998            
70719.987  958.09998            
70809.927  955.29999            
70899.854  958.29999            
70989.769  955            
71079.672  952.70001            
71169.563  962.29999            
71259.442  954.09998            
71349.308  953.09998            
71439.163  953.79999            
71529.005  951.29999            
71618.835  951            
71708.653  954.5            
71798.459  955.09998            
71888.252  952.90002            
71978.034  952.09998            
72067.803  951.70001            
72157.56  951.29999            
72247.305  955.20001            
72337.038  956.29999            
72426.758  955.90002            
72516.467  945.59998            
72606.163  941.5            
72695.847  939            
72785.519  944.59998            
72875.179  946            
72964.827  948.90002            
73054.463  949.20001            
73144.086  941            
73233.697  931.79999            
73323.297  934.29999            
73412.884  937.70001            
73502.458  938.70001            
73592.021  933.70001            
73681.572  942            
73771.11  947            
73860.637  942            
73950.151  935.70001            
74039.653  931.90002            
74129.143  938.20001            
74218.621  936.79999            
74308.087  935.09998            
74397.54  940.79999            
74486.982  940.59998            
74576.411  932.90002            
74665.828  932.09998            
74755.234  935.29999            
74844.627  933.29999            
74934.008  931.59998            
75023.376  935.70001            
75112.733  934.20001            
75202.078  938.29999            
75291.41  938.79999            
75380.73  928.70001            
75470.039  930.70001            
75559.335  928.29999            
75648.619  924.40002            
75737.891  925.5            
75827.151  927            
75916.398  925.70001            
76005.634  925.5            
76094.858  931            
76184.069  929.40002            
76273.269  924.79999            
76362.456  924.5            
76451.631  925.70001            
76540.794  924.90002            
76629.945  922.90002            
76719.084  928            
76808.211  923.59998            
76897.326  926            
76986.428  926.90002            
77075.519  923.20001            
77164.597  924.5            
77253.664  920.70001            
77342.718  925.29999            
77431.761  921.40002            
77520.791  924.5            
77609.809  924.59998            
77698.815  919.09998            
77787.809  914.59998            
77876.791  916.70001            
77965.761  919.40002            
78054.719  918.70001            
78143.664  920.5            
78232.598  918.29999            
78321.52  922            
78410.429  916.79999            
78499.327  916.59998            
78588.212  916.90002            
78677.085  915.20001            
78765.947  920.20001            
78854.796  920.90002            
78943.633  915.59998            
79032.458  911.20001            
79121.272  914.70001            
79210.073  915            
79298.862  910.90002            
79387.639  914.09998            
79476.404  916.79999            
79565.156  918.5            
79653.897  923.09998            
79742.626  915.09998            
79831.343  913.29999            
79920.048  910.20001            
80008.74  918.5            
80097.421  916.09998            
80186.09  908.79999            
80274.746  909.70001            
80363.391  911.09998            
80452.023  914.09998            
80540.644  916.29999            
80629.252  918.29999            
80717.849  918.20001            
80806.433  916.79999            
80895.006  914.70001            
80983.566  921.59998            
81072.115  915.29999            
81160.651  910.59998            
81249.175  910.5            
81337.688  910.70001            
81426.188  910.90002            
81514.676  913.59998            
