9.22 re             
x       y           
[m<sup>-1</sup>]     [CCD cts]         
7258.2389  786.40002            
7356.7098  786.09998            
7455.1675  785.79999            
7553.6121  785.70001            
7652.0435  785.40002            
7750.4618  785.59998            
7848.867  786.20001            
7947.259  786.40002            
8045.6379  785.70001            
8144.0036  786.5            
8242.3562  786.40002            
8340.6957  785.79999            
8439.022  785.59998            
8537.3352  785.70001            
8635.6352  785.79999            
8733.9221  786            
8832.1959  786            
8930.4566  785.70001            
9028.7042  786.70001            
9126.9386  786.90002            
9225.1599  787.20001            
9323.3681  786.90002            
9421.5631  788.09998            
9519.745  787.5            
9617.9139  790.09998            
9716.0696  790.5            
9814.2122  792.70001            
9912.3416  797.20001            
10010.458  807.90002            
10108.561  828            
10206.651  864.20001            
10304.728  912.90002            
10402.792  976.59998            
10500.843  1038.9            
10598.881  1072.6            
10696.906  1060.7            
10794.917  1042.3            
10892.916  1016.5            
10990.901  1001.6            
11088.873  1002            
11186.832  998.40002            
11284.778  998.90002            
11382.711  1012.7            
11480.631  1038.9            
11578.538  1062.4            
11676.432  1086.6            
11774.312  1115.6            
11872.18  1111.8            
11970.034  1107.3            
12067.876  1106.8            
12165.704  1104.1            
12263.519  1111.3            
12361.322  1102.3            
12459.111  1105            
12556.887  1091.2            
12654.65  1103.2            
12752.399  1094.7            
12850.136  1083.6            
12947.86  1091            
13045.571  1095.2            
13143.268  1099.1            
13240.953  1090.7            
13338.624  1098.7            
13436.283  1102.3            
13533.928  1108.8            
13631.56  1106.9            
13729.18  1105.1            
13826.786  1105.1            
13924.379  1109.9            
14021.959  1108.5            
14119.526  1097.3            
14217.08  1112.5            
14314.621  1126.8            
14412.149  1116.5            
14509.664  1106.2            
14607.166  1095.4            
14704.655  1119.7            
14802.13  1115.1            
14899.593  1122.9            
14997.043  1104.7            
15094.479  1111.5            
15191.903  1117            
15289.314  1109.3            
15386.711  1116.3            
15484.096  1115.8            
15581.467  1103.8            
15678.826  1107.6            
15776.171  1105.4            
15873.504  1106.6            
15970.823  1109.5            
16068.13  1105.4            
16165.423  1099.9            
16262.703  1095.8            
16359.971  1103            
16457.225  1102.4            
16554.466  1106.1            
16651.695  1095.8            
16748.91  1090.8            
16846.112  1097.2            
16943.302  1087            
17040.478  1089.9            
17137.641  1099.3            
17234.792  1089.5            
17331.929  1092.5            
17429.053  1094.4            
17526.165  1085.6            
17623.263  1074.5            
17720.348  1080.8            
17817.42  1074.9            
17914.48  1085.5            
18011.526  1085.6            
18108.56  1086.2            
18205.58  1086.2            
18302.587  1078.2            
18399.582  1070.3            
18496.563  1070            
18593.532  1076.8            
18690.487  1077.9            
18787.43  1068.9            
18884.359  1075.5            
18981.276  1079            
19078.179  1071.4            
19175.07  1073.5            
19271.947  1074.7            
19368.812  1077.2            
19465.664  1066.9            
19562.503  1074.7            
19659.328  1078.4            
19756.141  1071            
19852.941  1081.9            
19949.728  1087.8            
20046.502  1087.7            
20143.263  1078.4            
20240.011  1074            
20336.746  1074.2            
20433.468  1070.9            
20530.177  1075.5            
20626.873  1081            
20723.557  1073.1            
20820.227  1073.1            
20916.884  1083.9            
21013.529  1083.5            
21110.16  1077.5            
21206.779  1077.5            
21303.384  1082.1            
21399.977  1080.3            
21496.557  1079.4            
21593.124  1079.4            
21689.677  1078.9            
21786.218  1084.2            
21882.746  1077            
21979.261  1082.9            
22075.764  1071.3            
22172.253  1060.2            
22268.729  1058.9            
22365.193  1060.6            
22461.643  1065.8            
22558.081  1059.1            
22654.505  1058.3            
22750.917  1059.5            
22847.316  1063.5            
22943.702  1061.5            
23040.075  1051.8            
23136.435  1052.7            
23232.782  1053.3            
23329.116  1045.6            
23425.437  1049.1            
23521.746  1047.7            
23618.041  1049.7            
23714.324  1048.7            
23810.594  1040.6            
23906.85  1043.4            
24003.094  1046.2            
24099.325  1048.1            
24195.544  1043            
24291.749  1040.2            
24387.941  1041.6            
24484.121  1043.2            
24580.287  1045.3            
24676.441  1052.5            
24772.582  1042.8            
24868.71  1036.2            
24964.825  1049.5            
25060.927  1050.6            
25157.016  1040.9            
25253.092  1036.8            
25349.156  1041.5            
25445.207  1048.3            
25541.244  1034            
25637.269  1031.2            
25733.281  1034.7            
25829.281  1032            
25925.267  1032.6            
26021.24  1038.9            
26117.201  1043.4            
26213.148  1039.6            
26309.083  1029.4            
26405.005  1033.4            
26500.914  1026.6            
26596.811  1020.9            
26692.694  1031            
26788.565  1034            
26884.422  1039.1            
26980.267  1032.6            
27076.099  1039.4            
27171.918  1042.2            
27267.725  1041.8            
27363.518  1047.1            
27459.299  1046            
27555.066  1045.8            
27650.821  1051.7            
27746.563  1044.2            
27842.293  1050.7            
27938.009  1045            
28033.713  1046.5            
28129.403  1046.9            
28225.081  1053.4            
28320.746  1047.9            
28416.399  1039.9            
28512.038  1049.4            
28607.665  1051.8            
28703.278  1051.1            
28798.879  1055.2            
28894.467  1048            
28990.043  1047.5            
29085.605  1047.6            
29181.155  1057.7            
29276.692  1056.1            
29372.216  1053.8            
29467.727  1048.4            
29563.225  1043.2            
29658.711  1042.4            
29754.184  1050.2            
29849.644  1059.2            
29945.091  1073.3            
30040.525  1055.8            
30135.947  1057.5            
30231.355  1058.1            
30326.751  1051.8            
30422.134  1056.3            
30517.505  1061.9            
30612.862  1059.5            
30708.207  1069.1            
30803.539  1065.1            
30898.858  1074.2            
30994.165  1071.5            
31089.458  1070.1            
31184.739  1074.2            
31280.007  1080.6            
31375.262  1079.4            
31470.505  1081.1            
31565.734  1077.5            
31660.951  1077.3            
31756.156  1078.5            
31851.347  1081.4            
31946.525  1079.1            
32041.691  1072.4            
32136.844  1075.9            
32231.984  1072.2            
32327.112  1075.5            
32422.227  1074.5            
32517.329  1069.5            
32612.418  1072.5            
32707.494  1070.9            
32802.558  1073.2            
32897.609  1068.4            
32992.647  1062.9            
33087.672  1059.7            
33182.685  1063.7            
33277.685  1064.7            
33372.672  1069.8            
33467.646  1078.5            
33562.608  1072.5            
33657.557  1069.7            
33752.493  1066.6            
33847.416  1077            
33942.327  1071.7            
34037.224  1076.3            
34132.11  1070.4            
34226.982  1080            
34321.842  1078.7            
34416.689  1080            
34511.523  1072.8            
34606.344  1079.9            
34701.153  1075.5            
34795.949  1077.2            
34890.732  1078.9            
34985.503  1077.4            
35080.26  1081.7            
35175.005  1088.4            
35269.738  1089.6            
35364.457  1083.1            
35459.164  1082.2            
35553.858  1085.5            
35648.54  1096.6            
35743.208  1098.5            
35837.865  1114.5            
35932.508  1114.9            
36027.138  1104.5            
36121.756  1094.2            
36216.361  1092.2            
36310.954  1104.6            
36405.534  1112            
36500.101  1106.4            
36594.655  1092.3            
36689.197  1107.1            
36783.726  1120.5            
36878.242  1123.6            
36972.745  1109.6            
37067.236  1110.5            
37161.714  1111.1            
37256.18  1098.5            
37350.632  1106.1            
37445.072  1111.5            
37539.5  1114.3            
37633.915  1100.6            
37728.316  1114.1            
37822.706  1110.4            
37917.082  1099.6            
38011.446  1098.9            
38105.798  1092.9            
38200.136  1100.1            
38294.462  1098.1            
38388.775  1093.2            
38483.076  1090.5            
38577.364  1091.7            
38671.639  1079            
38765.901  1084            
38860.151  1079.1            
38954.388  1088.3            
39048.613  1094.3            
39142.825  1092.6            
39237.024  1084.5            
39331.211  1088            
39425.384  1077.2            
39519.546  1072.3            
39613.694  1074            
39707.83  1079.8            
39801.953  1085.2            
39896.064  1084            
39990.162  1082.1            
40084.247  1085            
40178.32  1078.5            
40272.38  1088.7            
40366.427  1095.4            
40460.462  1090.1            
40554.484  1092.7            
40648.493  1087.5            
40742.49  1096.4            
40836.474  1091.9            
40930.446  1088.6            
41024.404  1087.4            
41118.351  1084.2            
41212.284  1087.2            
41306.205  1085.5            
41400.113  1099.6            
41494.009  1096            
41587.892  1101.3            
41681.763  1100.5            
41775.62  1093.7            
41869.466  1079.7            
41963.298  1082.1            
42057.118  1091            
42150.925  1092.8            
42244.72  1087.9            
42338.502  1084.7            
42432.272  1088.4            
42526.029  1089.3            
42619.773  1085            
42713.504  1090.1            
42807.223  1080.5            
42900.93  1083.3            
42994.624  1095.4            
43088.305  1095.2            
43181.973  1090.8            
43275.629  1084.8            
43369.273  1087.4            
43462.904  1081.7            
43556.522  1082.7            
43650.127  1082.4            
43743.72  1077.8            
43837.301  1067.6            
43930.869  1066.5            
44024.424  1079.5            
44117.967  1085.3            
44211.497  1081.6            
44305.014  1086.8            
44398.519  1093.4            
44492.011  1100.6            
44585.491  1099.2            
44678.958  1081.9            
44772.413  1085.7            
44865.855  1100            
44959.284  1088.3            
45052.701  1096.2            
45146.105  1092.8            
45239.497  1096.5            
45332.876  1090            
45426.243  1094.6            
45519.597  1100.8            
45612.938  1093.1            
45706.267  1088.5            
45799.583  1087.7            
45892.887  1090.2            
45986.178  1099.4            
46079.457  1101            
46172.723  1095.9            
46265.976  1103.8            
46359.217  1102.7            
46452.445  1095.7            
46545.661  1100.4            
46638.865  1111.6            
46732.055  1114.3            
46825.233  1122.3            
46918.399  1118.7            
47011.552  1095.1            
47104.693  1108.2            
47197.821  1115            
47290.936  1114.6            
47384.039  1111.8            
47477.13  1115.7            
47570.207  1117.9            
47663.273  1116            
47756.325  1116.6            
47849.366  1119.6            
47942.393  1121.1            
48035.409  1113.8            
48128.411  1100.8            
48221.401  1106.5            
48314.379  1121.3            
48407.344  1116.7            
48500.297  1113.3            
48593.237  1121.4            
48686.164  1111.8            
48779.079  1111.9            
48871.982  1107.9            
48964.872  1108.1            
49057.749  1108.9            
49150.614  1111.9            
49243.467  1115.5            
49336.307  1119            
49429.134  1110.3            
49521.949  1112.2            
49614.751  1117.5            
49707.541  1106.1            
49800.319  1092.5            
49893.084  1100.8            
49985.836  1108.7            
50078.576  1104.4            
50171.303  1119.2            
50264.018  1121.7            
50356.721  1117.9            
50449.411  1102.1            
50542.088  1104.8            
50634.753  1116.7            
50727.406  1116            
50820.046  1110.1            
50912.673  1111.7            
51005.288  1112.3            
51097.891  1108.9            
51190.481  1119            
51283.058  1115.5            
51375.623  1106.8            
51468.176  1102.3            
51560.716  1106.1            
51653.244  1122.8            
51745.759  1124.2            
51838.262  1131.7            
51930.752  1113.2            
52023.23  1111.9            
52115.695  1110            
52208.148  1113.8            
52300.589  1112.2            
52393.016  1119.1            
52485.432  1114.8            
52577.835  1125.6            
52670.226  1124.5            
52762.604  1125            
52854.969  1126.1            
52947.323  1126.4            
53039.663  1132            
53131.992  1135.4            
53224.307  1127.3            
53316.611  1121            
53408.902  1120.2            
53501.18  1140            
53593.446  1148.4            
53685.7  1145.4            
53777.941  1135.2            
53870.17  1121.2            
53962.386  1124.2            
54054.59  1136.1            
54146.782  1143.3            
54238.961  1147.9            
54331.127  1146.1            
54423.281  1140.7            
54515.423  1161.8            
54607.552  1169.4            
54699.669  1160.7            
54791.774  1153.7            
54883.866  1147.5            
54975.945  1161.3            
55068.012  1170.4            
55160.067  1166.8            
55252.109  1179.3            
55344.139  1190.3            
55436.157  1189.4            
55528.162  1194.6            
55620.155  1178            
55712.135  1179.4            
55804.103  1200.6            
55896.058  1212.7            
55988.001  1203.9            
56079.932  1216.6            
56171.85  1217.2            
56263.756  1226.2            
56355.649  1243.8            
56447.53  1254.5            
56539.399  1237.7            
56631.255  1240.9            
56723.099  1254.4            
56814.93  1267.3            
56906.749  1266.5            
56998.556  1270.6            
57090.35  1263.4            
57182.132  1254.1            
57273.902  1266.9            
57365.659  1294.4            
57457.404  1304.3            
57549.136  1303.9            
57640.856  1285.6            
57732.563  1277.6            
57824.259  1296.9            
57915.941  1318.5            
58007.612  1316.3            
58099.27  1323.7            
58190.916  1303.2            
58282.549  1308.7            
58374.17  1308.2            
58465.779  1301.4            
58557.375  1317.2            
58648.959  1320.1            
58740.53  1316.1            
58832.089  1314.9            
58923.636  1326            
59015.171  1344.2            
59106.693  1346.4            
59198.202  1351.3            
59289.7  1342            
59381.185  1355.1            
59472.657  1354.7            
59564.118  1393.6            
59655.565  1397.1            
59747.001  1370            
59838.424  1371.5            
59929.835  1360.5            
60021.234  1381.5            
60112.62  1374            
60203.994  1376            
60295.355  1366            
60386.704  1375.8            
60478.041  1382.9            
60569.366  1406.5            
60660.678  1415.7            
60751.978  1425.6            
60843.265  1428.8            
60934.541  1439.9            
61025.803  1440.4            
61117.054  1452.1            
61208.292  1450.1            
61299.518  1437.8            
61390.732  1450.7            
61481.933  1481            
61573.122  1494.4            
61664.298  1483.8            
61755.463  1483.3            
61846.615  1472.9            
61937.754  1499.4            
62028.881  1504.5            
62119.996  1499            
62211.099  1491            
62302.19  1511.1            
62393.268  1498.9            
62484.333  1499.3            
62575.387  1495.6            
62666.428  1505.1            
62757.457  1509.4            
62848.474  1508.3            
62939.478  1481.5            
63030.47  1492.8            
63121.449  1479.4            
63212.417  1436.2            
63303.372  1412.3            
63394.315  1445.4            
63485.245  1436.5            
63576.163  1440.6            
63667.069  1432.4            
63757.963  1414.2            
63848.844  1396.8            
63939.713  1410            
64030.57  1406.9            
64121.415  1418.1            
64212.247  1402.1            
64303.067  1416.9            
64393.875  1432.7            
64484.67  1429.1            
64575.453  1425            
64666.224  1410.8            
64756.983  1423.2            
64847.729  1445            
64938.463  1449.2            
65029.185  1478.9            
65119.894  1511.4            
65210.591  1528            
65301.276  1523.7            
65391.949  1529.8            
65482.61  1564.5            
65573.258  1566            
65663.894  1546.9            
65754.517  1541.9            
65845.129  1513.3            
65935.728  1462.3            
66026.315  1449.4            
66116.89  1435.3            
66207.452  1406.4            
66298.002  1379.7            
66388.54  1337.1            
66479.066  1346.4            
66569.579  1304            
66660.08  1262.7            
66750.569  1258.4            
66841.046  1245.7            
66931.511  1229.5            
67021.963  1213.8            
67112.403  1198.9            
67202.831  1180.3            
67293.246  1170.5            
67383.65  1153.8            
67474.041  1142.1            
67564.42  1142.9            
67654.786  1139.6            
67745.141  1124            
67835.483  1108.6            
67925.813  1102.9            
68016.13  1100.7            
68106.436  1095.5            
68196.729  1103.4            
68287.01  1095            
68377.279  1076.9            
68467.536  1069.9            
68557.78  1078.2            
68648.013  1070.6            
68738.233  1053.8            
68828.44  1042.6            
68918.636  1042.4            
69008.819  1040.9            
69098.991  1043.9            
69189.15  1042.2            
69279.296  1039.7            
69369.431  1039.8            
69459.553  1039.5            
69549.664  1036.6            
69639.762  1033.9            
69729.848  1031            
69819.921  1029.2            
69909.983  1032.2            
70000.032  1030.1            
70090.069  1028.6            
70180.094  1023.7            
70270.106  1006.6            
70360.107  1009            
70450.095  1007.1            
70540.071  1007.7            
70630.035  1000.9            
70719.987  1004.1            
70809.927  1004.9            
70899.854  1010.4            
70989.769  1000.3            
71079.672  996.70001            
71169.563  997.5            
71259.442  1002.5            
71349.308  1001.2            
71439.163  1001            
71529.005  1004.9            
71618.835  999.59998            
71708.653  1001.9            
71798.459  990.09998            
71888.252  998            
71978.034  998.70001            
72067.803  992.40002            
72157.56  992.29999            
72247.305  993.5            
72337.038  993.40002            
72426.758  997            
72516.467  992            
72606.163  979.70001            
72695.847  985.5            
72785.519  986.90002            
72875.179  986.59998            
72964.827  980.29999            
73054.463  986.20001            
73144.086  978            
73233.697  976.5            
73323.297  976.90002            
73412.884  986.70001            
73502.458  986.09998            
73592.021  975.90002            
73681.572  977.20001            
73771.11  985.29999            
73860.637  990.20001            
73950.151  980.09998            
74039.653  974            
74129.143  978.90002            
74218.621  975.29999            
74308.087  973.40002            
74397.54  978.70001            
74486.982  973.40002            
74576.411  966.59998            
74665.828  966.29999            
74755.234  966.5            
74844.627  968.20001            
74934.008  974.70001            
75023.376  972.70001            
75112.733  975            
75202.078  968.09998            
75291.41  971.79999            
75380.73  967.79999            
75470.039  961.20001            
75559.335  960.29999            
75648.619  963.79999            
75737.891  966.20001            
75827.151  970.79999            
75916.398  968.09998            
76005.634  964.5            
76094.858  968.09998            
76184.069  960.90002            
76273.269  963.5            
76362.456  956.90002            
76451.631  957            
76540.794  961            
76629.945  954.5            
76719.084  953.90002            
76808.211  959.5            
