3870.4624  775.59998            
4077.4593  776.29999            
4284.398  776.5            
4491.2787  776.20001            
4698.1013  775.70001            
4904.8658  775.79999            
5111.5724  775.70001            
5318.2209  776            
5524.8115  776            
5731.3442  775.5            
5937.8189  775.90002            
6144.2357  776.5            
6350.5947  776.70001            
6556.8958  777.40002            
6763.139  777.90002            
6969.3245  779.09998            
7175.4521  780.70001            
7381.522  783.09998            
7587.5342  785.59998            
7793.4886  786.5            
7999.3853  788.5            
8205.2243  790.09998            
8411.0057  791.09998            
8616.7295  791.29999            
8822.3956  791.5            
9028.0042  790.70001            
9233.5552  790.70001            
9439.0486  790.70001            
9644.4846  791.20001            
9849.863  791.5            
10055.184  789.90002            
10260.447  790.90002            
10465.653  790.79999            
10670.802  790.79999            
10875.893  791.20001            
11080.927  790.90002            
11285.904  789.59998            
11490.823  790.40002            
11695.685  791.09998            
11900.49  790.29999            
12105.237  791            
12309.927  788.90002            
12514.56  789.70001            
12719.136  789.5            
12923.654  791.40002            
13128.116  790.20001            
13332.52  790.20001            
13536.867  788.59998            
13741.157  788.90002            
13945.391  788.20001            
14149.567  787.79999            
14353.686  788.79999            
14557.748  788.70001            
14761.753  788.70001            
14965.701  788.20001            
15169.592  790            
15373.426  788            
15577.204  787.59998            
15780.924  788.90002            
15984.588  787.09998            
16188.195  788.79999            
16391.745  788.40002            
16595.238  787.40002            
16798.675  787.29999            
17002.054  787            
17205.378  786.90002            
17408.644  786.40002            
17611.854  787.20001            
17815.007  786.29999            
18018.103  786.40002            
18221.143  784.90002            
18424.127  786.59998            
18627.053  785.29999            
18829.923  786.09998            
19032.737  784.90002            
19235.494  785.5            
19438.195  786.20001            
19640.839  787.40002            
19843.427  786.79999            
20045.959  785.90002            
20248.434  786            
20450.853  785.79999            
20653.215  785.09998            
20855.521  786.59998            
21057.771  785            
21259.964  785.70001            
21462.101  785.59998            
21664.182  785.20001            
21866.207  785            
22068.176  785.5            
22270.088  785.20001            
22471.945  784.59998            
22673.745  785.5            
22875.489  783.5            
23077.177  785            
23278.809  783.70001            
23480.384  784.59998            
23681.904  785.79999            
23883.368  784.70001            
24084.776  783.70001            
24286.128  783.29999            
24487.424  784.79999            
24688.664  783.29999            
24889.848  784.40002            
25090.977  784            
25292.049  783.79999            
25493.066  783.09998            
25694.027  784.79999            
25894.932  784.59998            
26095.781  784            
26296.575  784.79999            
26497.312  784.5            
26697.994  784.20001            
26898.621  784.79999            
27099.192  784.29999            
27299.707  784.29999            
27500.167  785.09998            
27700.571  784.20001            
27900.919  783.90002            
28101.212  783.40002            
28301.449  784            
28501.631  784.40002            
28701.757  784.09998            
28901.828  784.29999            
29101.844  783.40002            
29301.804  786            
29501.708  784.09998            
29701.557  784.29999            
29901.351  785.59998            
30101.09  784.09998            
30300.773  784.79999            
30500.401  784.70001            
30699.973  785.70001            
30899.491  785            
31098.953  785.09998            
31298.36  785.90002            
31497.712  785.09998            
31697.008  785.20001            
31896.25  785.59998            
32095.436  785.5            
32294.567  786.40002            
32493.643  784.79999            
32692.664  786.20001            
32891.63  785.29999            
33090.541  786.29999            
33289.397  785.29999            
33488.198  786.5            
33686.944  785            
33885.635  784.29999            
34084.272  785.5            
34282.853  785.29999            
34481.379  786.20001            
34679.851  784.90002            
34878.267  785.40002            
35076.629  785.5            
35274.936  786.5            
35473.189  786.79999            
35671.386  786.40002            
35869.529  785.59998            
36067.617  785.90002            
36265.651  786.59998            
36463.629  785.20001            
36661.554  785.20001            
36859.423  785.79999            
37057.238  784.59998            
37254.998  786.09998            
37452.704  786.59998            
37650.355  786.29999            
37847.952  784.59998            
38045.494  785.29999            
38242.982  785.59998            
38440.415  785.70001            
38637.794  785.59998            
38835.118  786.5            
39032.388  786.90002            
39229.603  785            
39426.765  786.09998            
39623.872  785.79999            
39820.924  785.79999            
40017.922  786.5            
40214.866  786.5            
40411.756  786.29999            
40608.592  785.09998            
40805.373  786.20001            
41002.1  787.79999            
41198.773  785.90002            
41395.391  785.5            
41591.956  786.09998            
41788.467  785.40002            
41984.923  787.29999            
42181.325  786.20001            
42377.674  786.5            
42573.968  785.29999            
42770.208  786.09998            
42966.394  786.59998            
43162.527  785.20001            
43358.605  785.79999            
43554.629  785.59998            
43750.6  785.79999            
43946.516  785.79999            
44142.379  786.29999            
44338.188  785.09998            
44533.943  785.90002            
44729.644  786.09998            
44925.292  786.40002            
45120.885  784.5            
45316.425  785.5            
45511.912  785.59998            
45707.344  786.79999            
45902.723  785.79999            
46098.048  787.40002            
46293.32  784.90002            
46488.537  785.29999            
46683.702  785.59998            
46878.812  786.09998            
47073.87  785.70001            
47268.873  786.29999            
47463.823  786            
47658.72  786.70001            
47853.563  786            
48048.352  785            
48243.089  787.59998            
48437.771  787.09998            
48632.401  786            
48826.977  786.09998            
49021.499  786.59998            
49215.968  786.40002            
49410.384  786.40002            
49604.747  786.40002            
49799.056  786.29999            
49993.312  787.29999            
50187.515  786.29999            
50381.665  786            
50575.761  785.70001            
50769.804  785.90002            
50963.795  786.79999            
51157.731  786            
51351.615  786.40002            
51545.446  786.59998            
51739.224  786.90002            
51932.948  787.40002            
52126.62  788.09998            
52320.238  785.70001            
52513.803  786.79999            
52707.316  786            
52900.776  786.90002            
53094.182  788.09998            
53287.536  787.5            
53480.836  786.29999            
53674.084  787.40002            
53867.279  788.5            
54060.421  786.90002            
54253.511  788.09998            
54446.547  787.70001            
54639.531  787.5            
54832.462  787.90002            
55025.34  789.40002            
55218.166  789.90002            
55410.939  790            
55603.659  789.70001            
55796.326  788.20001            
55988.941  790            
56181.503  788.29999            
56374.013  790.79999            
56566.47  790.90002            
56758.874  790.5            
56951.226  791.20001            
57143.525  790.5            
57335.772  790.59998            
57527.966  791.90002            
57720.108  791.59998            
57912.198  790.90002            
58104.235  790.90002            
58296.219  791.5            
58488.151  791.20001            
58680.031  790.09998            
58871.859  791.20001            
59063.634  789.79999            
59255.356  790.79999            
59447.027  790.59998            
59638.645  790            
59830.211  789.20001            
60021.725  790.70001            
60213.186  788.70001            
60404.596  789            
60595.953  790.20001            
60787.258  791.59998            
60978.511  789.59998            
61169.711  789.59998            
61360.86  789            
61551.957  789.29999            
61743.001  788.79999            
61933.994  789.90002            
62124.934  791            
62315.822  790.29999            
62506.659  789.90002            
62697.443  789.70001            
62888.176  789            
63078.857  789.20001            
63269.485  789.59998            
63460.062  789.40002            
63650.587  789.20001            
63841.06  789.59998            
64031.482  788.59998            
64221.851  788.79999            
64412.169  790.90002            
64602.435  789.29999            
64792.649  789.40002            
64982.811  787.5            
65172.922  787.79999            
65362.981  787.29999            
65552.988  786.29999            
65742.944  787.20001            
65932.848  787.79999            
66122.701  787.5            
66312.501  786.70001            
66502.251  787.40002            
66691.949  786.79999            
66881.595  785.90002            
67071.189  787.40002            
67260.733  787.5            
67450.224  786.5            
67639.664  786.79999            
67829.053  786.70001            
68018.391  786            
68207.677  785.70001            
68396.911  785.09998            
68586.094  784.59998            
68775.226  785.09998            
68964.307  784.40002            
69153.336  784.59998            
69342.314  784.5            
69531.24  784.59998            
69720.116  783.70001            
69908.94  785            
70097.713  783.90002            
70286.435  784.09998            
70475.105  783.90002            
70663.725  785.5            
70852.293  783.29999            
71040.81  783            
71229.276  782.59998            
71417.691  784.09998            
71606.055  784            
71794.368  783.79999            
71982.63  783.5            
72170.841  782.90002            
72359.001  782.90002            
72547.109  783.79999            
72735.167  782.90002            
72923.174  783.5            
73111.131  783.20001            
73299.036  783.20001            
73486.89  783.29999            
73674.694  782.79999            
73862.446  782.90002            
74050.148  783.90002            
74237.799  783            
74425.399  783.20001            
74612.949  783.20001            
74800.447  782.90002            
74987.896  783.40002            
75175.293  783.09998            
75362.639  784.29999            
75549.935  783.59998            
75737.181  782.70001            
75924.375  782.40002            
76111.519  784            
76298.613  783.40002            
76485.656  782.79999            
76672.648  783.20001            
76859.59  783.09998            
77046.481  783.20001            
77233.322  782.5            
77420.112  782.29999            
77606.852  783.90002            
77793.542  783.70001            
77980.181  783.29999            
78166.769  782.59998            
78353.308  782.40002            
78539.795  783.09998            
78726.233  782.79999            
78912.62  782.90002            
79098.957  782.40002            
79285.243  782.5            
79471.48  782.29999            
79657.666  783.29999            
79843.801  783.79999            
80029.887  782            
80215.922  782.40002            
80401.907  782.20001            
80587.842  782.90002            
80773.727  782            
80959.562  783.20001            
81145.347  783.09998            
81331.081  783.29999            
81516.766  782.70001            
81702.4  783.40002            
81887.984  783            
82073.519  782.5            
82259.003  783.79999            
82444.438  783.40002            
82629.822  783.09998            
82815.156  783.29999            
83000.441  783.09998            
83185.676  783.70001            
83370.86  782.70001            
83555.995  783.40002            
83741.08  783.40002            
83926.115  782.70001            
84111.101  782.70001            
84296.036  782.90002            
84480.922  783.09998            
84665.758  783.40002            
84850.545  782.59998            
85035.281  782.59998            
85219.968  783.09998            
85404.605  783.29999            
85589.193  783.40002            
85773.731  782.09998            
85958.219  783.20001            
86142.657  783.40002            
86327.046  783.20001            
86511.386  783            
86695.676  783.29999            
86879.916  782.09998            
87064.107  782.20001            
87248.248  782.40002            
87432.34  783.29999            
87616.383  784            
87800.375  782.59998            
87984.319  782            
88168.213  783.29999            
88352.058  783.40002            
88535.853  783.09998            
88719.599  783.20001            
88903.296  782.90002            
89086.943  783.40002            
89270.541  782.70001            
89454.09  782.90002            
89637.589  782.29999            
89821.039  783.40002            
90004.44  781.59998            
90187.792  783.59998            
90371.094  783.70001            
90554.348  783.79999            
90737.552  784.29999            
90920.707  782.70001            
91103.813  782.09998            