6350.5947  778.70001            
6556.8958  779.79999            
6763.139  780.79999            
6969.3245  783.29999            
7175.4521  786.5            
7381.522  788            
7587.5342  791.79999            
7793.4886  796.79999            
7999.3853  799.59998            
8205.2243  801.29999            
8411.0057  802            
8616.7295  804.40002            
8822.3956  807.29999            
9028.0042  807.29999            
9233.5552  806.20001            
9439.0486  807.90002            
9644.4846  806.29999            
9849.863  804.90002            
10055.184  803.90002            
10260.447  805.29999            
10465.653  802.90002            
10670.802  804            
10875.893  804.20001            
11080.927  803.90002            
11285.904  801.40002            
11490.823  802.20001            
11695.685  803.70001            
11900.49  802.90002            
12105.237  801.20001            
12309.927  800.90002            
12514.56  804.09998            
12719.136  802.70001            
12923.654  803.20001            
13128.116  800.70001            
13332.52  802.90002            
13536.867  800.5            
13741.157  797.5            
13945.391  800.20001            
14149.567  799.90002            
14353.686  799.79999            
14557.748  800.70001            
14761.753  798.5            
14965.701  799.29999            
15169.592  798.5            
15373.426  799.70001            
15577.204  798.29999            
15780.924  797.59998            
15984.588  797.5            
16188.195  796.90002            
16391.745  796.29999            
16595.238  795.79999            
16798.675  794.5            
17002.054  797            
17205.378  796.5            
17408.644  794.59998            
17611.854  794.20001            
17815.007  795.20001            
18018.103  794.5            
18221.143  795.90002            
18424.127  793.90002            
18627.053  795.09998            
18829.923  794.40002            
19032.737  794.29999            
19235.494  793.70001            
19438.195  793.20001            
19640.839  794.90002            
19843.427  793.40002            
20045.959  792.5            
20248.434  793.29999            
20450.853  794.90002            
20653.215  794            
20855.521  794.5            
21057.771  794.79999            
21259.964  793.29999            
21462.101  793.29999            
21664.182  792            
21866.207  792.40002            
22068.176  792.59998            
22270.088  793.09998            
22471.945  792.5            
22673.745  790.90002            
22875.489  793.5            
23077.177  791.70001            
23278.809  792.09998            
23480.384  792            
23681.904  791.20001            
23883.368  790.79999            
24084.776  791.40002            
24286.128  792            
24487.424  791.20001            
24688.664  791            
24889.848  790.5            
25090.977  790.20001            
25292.049  790.40002            
25493.066  789.90002            
25694.027  791            
25894.932  791.20001            
26095.781  790.79999            
26296.575  791.20001            
26497.312  789.20001            
26697.994  790.90002            
26898.621  790.40002            
27099.192  791            
27299.707  790.20001            
27500.167  790.40002            
27700.571  789.90002            
27900.919  791.29999            
28101.212  790.90002            
28301.449  791.70001            
28501.631  792.20001            
28701.757  791.40002            
28901.828  792.79999            
29101.844  791.5            
29301.804  790.20001            
29501.708  790.70001            
29701.557  791.29999            
29901.351  791.09998            
30101.09  791.40002            
30300.773  791.70001            
30500.401  790.5            
30699.973  790.79999            
30899.491  791.20001            
31098.953  791.09998            
31298.36  790.59998            
31497.712  791.40002            
31697.008  792.29999            
31896.25  793.5            
32095.436  793            
32294.567  793            
32493.643  792.79999            
32692.664  792.79999            
32891.63  790.90002            
33090.541  792.90002            
33289.397  793.29999            
33488.198  792.40002            
33686.944  794            
33885.635  793            
34084.272  791.5            
34282.853  790.90002            
34481.379  790.5            
34679.851  792.90002            
34878.267  793            
35076.629  793.20001            
35274.936  793.09998            
35473.189  794            
35671.386  791.59998            
35869.529  791.20001            
36067.617  792.5            
36265.651  792.59998            
36463.629  792.90002            
36661.554  794.90002            
36859.423  793.79999            
37057.238  793.29999            
37254.998  794.29999            
37452.704  792.70001            
37650.355  794.5            
37847.952  794            
38045.494  792.59998            
38242.982  792.79999            
38440.415  793.5            
38637.794  793.5            
38835.118  792.40002            
39032.388  794            
39229.603  793.90002            
39426.765  794.70001            
39623.872  792.29999            
39820.924  794.29999            
40017.922  792.20001            
40214.866  794.5            
40411.756  793.40002            
40608.592  794.40002            
40805.373  792.40002            
41002.1  791.70001            
41198.773  792.20001            
41395.391  792.20001            
41591.956  792.5            
41788.467  792.90002            
41984.923  793.79999            
42181.325  794.09998            
42377.674  794.59998            
42573.968  792.90002            
42770.208  793.59998            
42966.394  793.29999            
43162.527  793.70001            
43358.605  792.29999            
43554.629  794.59998            
43750.6  793.40002            
43946.516  792.5            
44142.379  792.29999            
44338.188  794.29999            
44533.943  792.70001            
44729.644  792.90002            
44925.292  793.70001            
45120.885  794            
45316.425  793.79999            
45511.912  792.5            
45707.344  793.59998            
45902.723  794.09998            
46098.048  793            
46293.32  794.20001            
46488.537  793.70001            
46683.702  793.79999            
46878.812  793.09998            
47073.87  793            
47268.873  792.40002            
47463.823  793.5            
47658.72  793.5            
47853.563  794.29999            
48048.352  795            
48243.089  796.09998            
48437.771  794.09998            
48632.401  796.09998            
48826.977  795.29999            
49021.499  795.79999            
49215.968  796.09998            
49410.384  795.29999            
49604.747  793.90002            
49799.056  795.20001            
49993.312  796.70001            
50187.515  795.09998            
50381.665  795.5            
50575.761  794.20001            
50769.804  796.09998            
50963.795  795.09998            
51157.731  796.59998            
51351.615  795.20001            
51545.446  796.09998            
51739.224  796.29999            
51932.948  796.29999            
52126.62  794.79999            
52320.238  796.5            
52513.803  798.59998            
52707.316  797.09998            
52900.776  798            
53094.182  796.09998            
53287.536  797.40002            
53480.836  795.90002            
53674.084  797            
53867.279  797.40002            
54060.421  796.79999            
54253.511  797            
54446.547  797.29999            
54639.531  799.09998            
54832.462  796.5            
55025.34  796.20001            
55218.166  799.40002            
55410.939  797.09998            
55603.659  796.40002            
55796.326  797.09998            
55988.941  797.59998            
56181.503  800.40002            
56374.013  800.20001            
56566.47  798.90002            
56758.874  800.5            
56951.226  801.09998            
57143.525  800.29999            
57335.772  799.79999            
57527.966  799.29999            
57720.108  800.59998            
57912.198  799.09998            
58104.235  800.79999            
58296.219  801.20001            
58488.151  800            
58680.031  799.29999            
58871.859  798.59998            
59063.634  799.40002            
59255.356  800.90002            
59447.027  798.20001            
59638.645  798.20001            
59830.211  798.5            
60021.725  801.79999            
60213.186  800.40002            
60404.596  799.09998            
60595.953  798.90002            
60787.258  798.70001            
60978.511  799.5            
61169.711  798.5            
61360.86  798.79999            
61551.957  798.59998            
61743.001  799.59998            
61933.994  798.20001            
62124.934  798.59998            
62315.822  799.40002            
62506.659  799.09998            
62697.443  799            
62888.176  799.40002            
63078.857  799.09998            
63269.485  797.59998            
63460.062  798.29999            
63650.587  799.79999            
63841.06  797.79999            
64031.482  798.20001            
64221.851  798.70001            
64412.169  800.90002            
64602.435  799.90002            
64792.649  799.20001            
64982.811  798.59998            
65172.922  797            
65362.981  799.5            
65552.988  800.70001            
65742.944  801.5            
65932.848  803.59998            
66122.701  803.79999            
66312.501  802.59998            
66502.251  801.79999            
66691.949  799.5            
66881.595  798.59998            
67071.189  799.70001            
67260.733  796.40002            
67450.224  796.5            
67639.664  797.09998            
67829.053  796.90002            
68018.391  793.59998            
68207.677  792.79999            
68396.911  795.09998            
68586.094  794            
68775.226  792.90002            
68964.307  793.29999            
69153.336  793.29999            
69342.314  792.59998            
69531.24  793.20001            
69720.116  791.70001            
69908.94  791.5            
70097.713  790.40002            
70286.435  791.70001            
70475.105  793            
70663.725  792            
70852.293  791.5            
71040.81  793            
71229.276  791.20001            
71417.691  792.90002            
71606.055  792.29999            
71794.368  791.40002            
71982.63  790.79999            
72170.841  792.09998            
72359.001  792.29999            
72547.109  791.59998            
72735.167  791.09998            
72923.174  793.59998            
73111.131  790.79999            
73299.036  791.79999            
73486.89  791.79999            
73674.694  791            
73862.446  791.79999            
74050.148  790.09998            
74237.799  790.59998            
74425.399  792.29999            
74612.949  792.29999            
74800.447  791.90002            
74987.896  790.90002            
75175.293  791.5            
75362.639  791.5            
75549.935  791.09998            
75737.181  791.59998            
75924.375  791.5            
76111.519  792.5            
76298.613  792.5            
76485.656  791.59998            
76672.648  791.40002            
76859.59  791.40002            
77046.481  791.59998            
77233.322  792.90002            
77420.112  791.90002            
77606.852  793.09998            
77793.542  791.20001            
77980.181  789.90002            
78166.769  792            
78353.308  790.20001            
78539.795  791.09998            
78726.233  791.70001            
78912.62  789.79999            
79098.957  790.20001            
79285.243  791.20001            
79471.48  791.70001            
79657.666  790.29999            
79843.801  789.5            
80029.887  790.70001            
80215.922  792.40002            
80401.907  793            
80587.842  790.29999            
80773.727  791.5            
80959.562  792            
81145.347  790.29999            
81331.081  791.09998            
81516.766  790.40002            
81702.4  790.5            
81887.984  789.79999            
82073.519  791.29999            
82259.003  790.90002            
82444.438  790.40002            
82629.822  790.40002            
82815.156  791.09998            
83000.441  792.59998            
83185.676  791.59998            
83370.86  791.90002            
83555.995  792.29999            
83741.08  791.70001            
83926.115  791.20001            
84111.101  790.40002            
84296.036  791.29999            
84480.922  791.29999            
84665.758  791.90002            
84850.545  790.29999            
85035.281  791.20001            
85219.968  791.5            
85404.605  791.40002            
85589.193  791.20001            
85773.731  790.79999            
85958.219  792.29999            
86142.657  792.40002            
86327.046  790.70001            
86511.386  790.29999            
86695.676  791.5            
86879.916  792.20001            
87064.107  790.29999            
87248.248  792.29999            
87432.34  791.09998            
87616.383  790.29999            
87800.375  792.5            
87984.319  791.09998            
88168.213  790.59998            
88352.058  791.29999            
88535.853  792.5            
88719.599  792            
88903.296  791.20001            
89086.943  789.29999            
89270.541  790.5            
89454.09  790.59998            
89637.589  792.20001            
89821.039  792.29999            
90004.44  794.29999            
90187.792  791            
90371.094  790.79999            
90554.348  793.5            
90737.552  792.09998            
90920.707  790.90002            
91103.813  791.09998            
91286.87  791.20001            
91469.877  789.40002            
91652.836  790.90002            
91835.746  792.59998            
92018.606  791.70001            
92201.418  791.29999            
92384.18  791.79999            
92566.894  791.5            
92749.558  791.29999            
92932.174  790.59998            
93114.741  791.70001            
93297.259  791.29999            
93479.727  790.59998            
93662.147  792.29999            
93844.519  791.29999            
94026.841  791.90002            
94209.115  790.5            
94391.339  791.90002            
94573.515  791.90002            
94755.642  792.29999            
94937.721  790.79999            
95119.751  791.20001            
95301.732  791.09998            
95483.664  791.09998            
95665.547  791.70001            
95847.382  790.29999            
96029.169  790.79999            
96210.906  792            
96392.596  791.70001            
96574.236  789.79999            
96755.828  792.79999            
96937.371  792            
97118.866  792            
97300.312  790.79999            
97481.71  790.40002            
97663.06  790.90002            
97844.36  790.09998            
98025.613  791.70001            
98206.817  791            
98387.972  791.5            
98569.08  790.70001            
98750.138  792.20001            
98931.149  791.79999            
99112.111  791.20001            
99293.025  791.70001            
99473.89  792.5            
99654.707  791.09998            
99835.476  790.59998            
100016.2  792.40002            
100196.87  791            
100377.49  792.59998            
100558.07  793.09998            
100738.6  790.29999            
100919.08  789.90002            
101099.51  791.09998            
101279.89  791.79999            
101460.23  791.59998            
101640.51  791.09998            
101820.75  790.29999            
102000.94  791.5            
102181.09  790.59998            
102361.18  790.79999            
102541.23  792.29999            
102721.23  790.90002            
102901.18  790.59998            
103081.08  789.59998            
103260.94  790.5            
103440.74  789.90002            
103620.5  791.59998            
103800.21  790.20001            
103979.88  791.70001