4077.4593  775.5            
4284.398  775.79999            
4491.2787  776.70001            
4698.1013  775.70001            
4904.8658  775.79999            
5111.5724  776.09998            
5318.2209  775.90002            
5524.8115  776            
5731.3442  777.29999            
5937.8189  777.40002            
6144.2357  778.5            
6350.5947  779.90002            
6556.8958  782.29999            
6763.139  786.79999            
6969.3245  789.79999            
7175.4521  794.70001            
7381.522  800.5            
7587.5342  809.5            
7793.4886  816.09998            
7999.3853  820            
8205.2243  822.90002            
8411.0057  826.90002            
8616.7295  828.59998            
8822.3956  828.59998            
9028.0042  830.70001            
9233.5552  829.90002            
9439.0486  832.09998            
9644.4846  827.40002            
9849.863  826.90002            
10055.184  828.79999            
10260.447  828.79999            
10465.653  827.5            
10670.802  827            
10875.893  828.90002            
11080.927  827.79999            
11285.904  826.40002            
11490.823  823.79999            
11695.685  823.20001            
11900.49  826.40002            
12105.237  823.09998            
12309.927  826.40002            
12514.56  826.20001            
12719.136  825.90002            
12923.654  825.70001            
13128.116  822.59998            
13332.52  821.40002            
13536.867  821            
13741.157  819.5            
13945.391  821.59998            
14149.567  822.70001            
14353.686  816.79999            
14557.748  822.79999            
14761.753  820.79999            
14965.701  823.79999            
15169.592  821.20001            
15373.426  820.29999            
15577.204  821.59998            
15780.924  816.29999            
15984.588  818            
16188.195  814.09998            
16391.745  816.5            
16595.238  814.59998            
16798.675  812.09998            
17002.054  813.5            
17205.378  810.79999            
17408.644  809.90002            
17611.854  810.5            
17815.007  814            
18018.103  812.79999            
18221.143  813.09998            
18424.127  812.5            
18627.053  810.79999            
18829.923  810.59998            
19032.737  810.40002            
19235.494  813.70001            
19438.195  813.70001            
19640.839  811.90002            
19843.427  811.5            
20045.959  810.59998            
20248.434  811.5            
20450.853  811.40002            
20653.215  807.09998            
20855.521  810.40002            
21057.771  811.40002            
21259.964  810            
21462.101  807.5            
21664.182  808.5            
21866.207  810.90002            
22068.176  807.59998            
22270.088  807.90002            
22471.945  807.29999            
22673.745  807            
22875.489  806.29999            
23077.177  807.59998            
23278.809  808            
23480.384  807.20001            
23681.904  805.20001            
23883.368  804.5            
24084.776  806.79999            
24286.128  804.09998            
24487.424  804.40002            
24688.664  804.90002            
24889.848  805.90002            
25090.977  804.40002            
25292.049  803            
25493.066  806.5            
25694.027  806.40002            
25894.932  803.70001            
26095.781  805.59998            
26296.575  803.20001            
26497.312  804.70001            
26697.994  806.79999            
26898.621  805.70001            
27099.192  806.40002            
27299.707  803.90002            
27500.167  806.40002            
27700.571  805.5            
27900.919  806            
28101.212  805.09998            
28301.449  807.90002            
28501.631  807            
28701.757  805.79999            
28901.828  806.09998            
29101.844  803.90002            
29301.804  806.90002            
29501.708  807.59998            
29701.557  807.40002            
29901.351  807.20001            
30101.09  805.90002            
30300.773  806.90002            
30500.401  809.79999            
30699.973  806.90002            
30899.491  807            
31098.953  807            
31298.36  806.20001            
31497.712  809            
31697.008  809.70001            
31896.25  807.90002            
32095.436  808.29999            
32294.567  808.5            
32493.643  808.70001            
32692.664  810            
32891.63  806.79999            
33090.541  808.09998            
33289.397  807.59998            
33488.198  811.29999            
33686.944  807.59998            
33885.635  807.90002            
34084.272  808.09998            
34282.853  808.59998            
34481.379  808.29999            
34679.851  808.20001            
34878.267  808.70001            
35076.629  807.79999            
35274.936  808.5            
35473.189  810.79999            
35671.386  809.70001            
35869.529  807.20001            
36067.617  809.59998            
36265.651  809.40002            
36463.629  809.40002            
36661.554  810.59998            
36859.423  809.09998            
37057.238  808.59998            
37254.998  809.29999            
37452.704  811.20001            
37650.355  809.09998            
37847.952  810.29999            
38045.494  810.79999            
38242.982  811.59998            
38440.415  810.29999            
38637.794  810.29999            
38835.118  809.09998            
39032.388  810.5            
39229.603  809.29999            
39426.765  810.40002            
39623.872  809.20001            
39820.924  809.70001            
40017.922  807.20001            
40214.866  810.09998            
40411.756  812.70001            
40608.592  809.20001            
40805.373  808.29999            
41002.1  806.40002            
41198.773  809.90002            
41395.391  808.09998            
41591.956  808.79999            
41788.467  810.20001            
41984.923  809.79999            
42181.325  813.59998            
42377.674  809.90002            
42573.968  810.70001            
42770.208  809.40002            
42966.394  809.09998            
43162.527  808.40002            
43358.605  809.59998            
43554.629  812            
43750.6  812.70001            
43946.516  807.90002            
44142.379  807            
44338.188  810            
44533.943  809.79999            
44729.644  810            
44925.292  810.70001            
45120.885  809.40002            
45316.425  809.29999            
45511.912  808.5            
45707.344  809.29999            
45902.723  808.5            
46098.048  811.40002            
46293.32  809.09998            
46488.537  810.5            
46683.702  811.5            
46878.812  811.09998            
47073.87  809.90002            
47268.873  811.59998            
47463.823  812.5            
47658.72  811.29999            
47853.563  812.20001            
48048.352  813.29999            
48243.089  812.70001            
48437.771  815.40002            
48632.401  814.20001            
48826.977  813.70001            
49021.499  812.29999            
49215.968  814.40002            
49410.384  810.59998            
49604.747  812.5            
49799.056  811.90002            
49993.312  809.90002            
50187.515  809.40002            
50381.665  812.70001            
50575.761  812.5            
50769.804  814.09998            
50963.795  812.70001            
51157.731  812.09998            
51351.615  813.29999            
51545.446  811.59998            
51739.224  814.40002            
51932.948  814.59998            
52126.62  813.40002            
52320.238  814.90002            
52513.803  816.70001            
52707.316  814.90002            
52900.776  815.20001            
53094.182  815.59998            
53287.536  816.09998            
53480.836  813.20001            
53674.084  814.40002            
53867.279  818.40002            
54060.421  816.20001            
54253.511  814.59998            
54446.547  817.70001            
54639.531  816.79999            
54832.462  817.59998            
55025.34  818.90002            
55218.166  818.59998            
55410.939  821.79999            
55603.659  821.09998            
55796.326  819.70001            
55988.941  819            
56181.503  821.70001            
56374.013  823.5            
56566.47  819.90002            
56758.874  823.29999            
56951.226  821.29999            
57143.525  821.29999            
57335.772  823            
57527.966  822.5            
57720.108  823.79999            
57912.198  825.79999            
58104.235  821.90002            
58296.219  821.90002            
58488.151  822.09998            
58680.031  820.59998            
58871.859  824.90002            
59063.634  823.20001            
59255.356  821            
59447.027  820.20001            
59638.645  819.90002            
59830.211  820.79999            
60021.725  823.5            
60213.186  823.59998            
60404.596  821.20001            
60595.953  821            
60787.258  823.90002            
60978.511  823.90002            
61169.711  822.79999            
61360.86  826.59998            
61551.957  822.20001            
61743.001  824.79999            
61933.994  825.79999            
62124.934  824            
62315.822  823.29999            
62506.659  823.40002            
62697.443  824.40002            
62888.176  824.20001            
63078.857  819.79999            
63269.485  818.59998            
63460.062  820.70001            
63650.587  820.09998            
63841.06  820            
64031.482  817.29999            
64221.851  820.90002            
64412.169  817.90002            
64602.435  818.09998            
64792.649  818            
64982.811  817.40002            
65172.922  815.59998            
65362.981  814.90002            
65552.988  813.40002            
65742.944  816.20001            
65932.848  813            
66122.701  812.20001            
66312.501  813.59998            
66502.251  810.5            
66691.949  812.29999            
66881.595  811.79999            
67071.189  809.90002            
67260.733  807.20001            
67450.224  808.59998            
67639.664  809.40002            
67829.053  807.70001            
68018.391  805            
68207.677  805.79999            
68396.911  805.40002            
68586.094  805.09998            
68775.226  803.70001            
68964.307  806.70001            
69153.336  805.40002            
69342.314  804.29999            
69531.24  804.59998            
69720.116  803.20001            
69908.94  802.90002            
70097.713  803.79999            
70286.435  801.90002            
70475.105  803.29999            
70663.725  801.90002            
70852.293  803.09998            
71040.81  803.40002            
71229.276  801.5            
71417.691  802.70001            
71606.055  801.90002            
71794.368  803.5            
71982.63  802.40002            
72170.841  802.79999            
72359.001  802.20001            
72547.109  803.5            
72735.167  802.09998            
72923.174  801            
73111.131  801.5            
73299.036  799.90002            
73486.89  801            
73674.694  799.59998            
73862.446  800.79999            
74050.148  801.90002            
74237.799  800.90002            
74425.399  801.59998            
74612.949  802.09998            
74800.447  802.5            
74987.896  801.09998            
75175.293  801.5            
75362.639  803.20001            
75549.935  800.5            
75737.181  802            
75924.375  799.79999            
76111.519  801.70001            
76298.613  800.59998            
76485.656  800.90002            
76672.648  801.90002            
76859.59  800.90002            
77046.481  800.70001            
77233.322  799.5            
77420.112  801.70001            
77606.852  801.40002            
77793.542  801            
77980.181  800.5            
78166.769  800.20001            
78353.308  799            
78539.795  799.90002            
78726.233  801.59998            
78912.62  801.09998            
79098.957  799            
79285.243  800.29999            
79471.48  799.29999            
79657.666  799.79999            
79843.801  800.20001            
80029.887  800.79999            
80215.922  799.70001            
80401.907  800.79999            
80587.842  801            
80773.727  799.59998            
80959.562  798.40002            
81145.347  798.70001            
81331.081  800            
81516.766  799.5            
81702.4  800.59998            
81887.984  799.79999            
82073.519  801.5            
82259.003  799.20001            
82444.438  800.09998            
82629.822  799.70001            
82815.156  801.5            
83000.441  800.79999            
83185.676  799.20001            
83370.86  800.5            
83555.995  800.79999            
83741.08  801.70001            
83926.115  801.5            
84111.101  800.40002            
84296.036  801.09998            
84480.922  801.29999            
84665.758  800.09998            
84850.545  799.70001            
85035.281  800.40002            
85219.968  800.20001            
85404.605  800.20001            
85589.193  800.20001            
85773.731  800.09998            
85958.219  802.20001            
86142.657  799.79999            
86327.046  799            
86511.386  799.20001            
86695.676  801.09998            
86879.916  799.29999            
87064.107  799.70001            
87248.248  798.09998            
87432.34  800.20001            
87616.383  801.29999            
87800.375  800.70001            
87984.319  800.5            
88168.213  801.29999            
88352.058  799.5            
88535.853  800.70001            
88719.599  799.5            
88903.296  798.90002            
89086.943  799.79999            
89270.541  800.20001            
89454.09  801.09998            
89637.589  799.70001            
89821.039  799.90002            
90004.44  799.90002            
90187.792  798.70001            
90371.094  801.59998            
90554.348  799.79999            
90737.552  798.90002            
90920.707  799.79999            
91103.813  799.29999            
91286.87  797.90002            
91469.877  798.70001            
91652.836  798.79999            
91835.746  801            
92018.606  801.09998            
92201.418  800.59998            
92384.18  800.29999            
92566.894  798.59998            
92749.558  800            
92932.174  800.90002            
93114.741  801.5   