3041.8936  776            
3249.1231  776.79999            
3456.2943  776.20001            
3663.4075  775.29999            
3870.4624  776.40002            
4077.4593  776.90002            
4284.398  776.79999            
4491.2787  776.40002            
4698.1013  777            
4904.8658  776.20001            
5111.5724  776.09998            
5318.2209  776.29999            
5524.8115  777.09998            
5731.3442  778.29999            
5937.8189  780.20001            
6144.2357  780.5            
6350.5947  785.59998            
6556.8958  788.29999            
6763.139  794.59998            
6969.3245  802.29999            
7175.4521  814.5            
7381.522  825.29999            
7587.5342  839.79999            
7793.4886  850.09998            
7999.3853  865.29999            
8205.2243  871.90002            
8411.0057  878.90002            
8616.7295  876.20001            
8822.3956  876.70001            
9028.0042  871.79999            
9233.5552  875.59998            
9439.0486  884.09998            
9644.4846  879.70001            
9849.863  876.5            
10055.184  873.5            
10260.447  872.59998            
10465.653  872.09998            
10670.802  874.29999            
10875.893  873.70001            
11080.927  868.40002            
11285.904  872.09998            
11490.823  869            
11695.685  863.5            
11900.49  866.70001            
12105.237  870.09998            
12309.927  870.5            
12514.56  872            
12719.136  869.90002            
12923.654  865            
13128.116  867.20001            
13332.52  865.29999            
13536.867  859.59998            
13741.157  864.20001            
13945.391  855.20001            
14149.567  856.40002            
14353.686  857            
14557.748  861.29999            
14761.753  859.90002            
14965.701  858.79999            
15169.592  858.79999            
15373.426  859.09998            
15577.204  855.09998            
15780.924  854            
15984.588  853.40002            
16188.195  851            
16391.745  853.20001            
16595.238  850.70001            
16798.675  847.90002            
17002.054  845            
17205.378  844.40002            
17408.644  842.90002            
17611.854  844.40002            
17815.007  846.29999            
18018.103  841.5            
18221.143  844.79999            
18424.127  847.70001            
18627.053  841.59998            
18829.923  842.90002            
19032.737  845            
19235.494  841.20001            
19438.195  841.29999            
19640.839  845.29999            
19843.427  843.90002            
20045.959  839.29999            
20248.434  840.09998            
20450.853  841.40002            
20653.215  839.79999            
20855.521  839.20001            
21057.771  840.79999            
21259.964  837.90002            
21462.101  834.79999            
21664.182  837.40002            
21866.207  839.09998            
22068.176  837.79999            
22270.088  835.5            
22471.945  832.59998            
22673.745  833            
22875.489  832.70001            
23077.177  834.29999            
23278.809  833            
23480.384  831.40002            
23681.904  830.79999            
23883.368  832.59998            
24084.776  832.90002            
24286.128  835.29999            
24487.424  831.5            
24688.664  830.5            
24889.848  832.09998            
25090.977  832.29999            
25292.049  827.09998            
25493.066  830.79999            
25694.027  830.20001            
25894.932  832.79999            
26095.781  828.59998            
26296.575  828.20001            
26497.312  830.70001            
26697.994  831.20001            
26898.621  827.29999            
27099.192  829.40002            
27299.707  832.5            
27500.167  831.20001            
27700.571  834.40002            
27900.919  833.09998            
28101.212  832.40002            
28301.449  836.29999            
28501.631  834.90002            
28701.757  834.59998            
28901.828  831.79999            
29101.844  835.79999            
29301.804  836.09998            
29501.708  836.09998            
29701.557  834            
29901.351  834.09998            
30101.09  836.29999            
30300.773  834.5            
30500.401  833.40002            
30699.973  833.29999            
30899.491  835.90002            
31098.953  833.90002            
31298.36  835.09998            
31497.712  833.70001            
31697.008  834.29999            
31896.25  834.90002            
32095.436  835.29999            
32294.567  833.79999            
32493.643  837.09998            
32692.664  835            
32891.63  838.59998            
33090.541  835.29999            
33289.397  834.90002            
33488.198  838.09998            
33686.944  836.79999            
33885.635  834.29999            
34084.272  836.79999            
34282.853  835.20001            
34481.379  835.70001            
34679.851  832.40002            
34878.267  833.70001            
35076.629  836.40002            
35274.936  836.5            
35473.189  837.20001            
35671.386  835.20001            
35869.529  836.79999            
36067.617  835            
36265.651  832.90002            
36463.629  835.90002            
36661.554  838.40002            
36859.423  838            
37057.238  836.70001            
37254.998  836.70001            
37452.704  835.79999            
37650.355  836.70001            
37847.952  839.90002            
38045.494  836.79999            
38242.982  838.09998            
38440.415  837.40002            
38637.794  835.29999            
38835.118  836.70001            
39032.388  837.29999            
39229.603  835.90002            
39426.765  838.09998            
39623.872  839.5            
39820.924  834.40002            
40017.922  838.29999            
40214.866  839.5            
40411.756  838.40002            
40608.592  837.29999            
40805.373  837.40002            
41002.1  837.79999            
41198.773  837.20001            
41395.391  837.09998            
41591.956  838.5            
41788.467  837.20001            
41984.923  839            
42181.325  836.09998            
42377.674  840.40002            
42573.968  840.70001            
42770.208  836.90002            
42966.394  835.5            
43162.527  838            
43358.605  840.29999            
43554.629  839.70001            
43750.6  839.70001            
43946.516  836.59998            
44142.379  838.59998            
44338.188  841.70001            
44533.943  840.79999            
44729.644  838.90002            
44925.292  841.29999            
45120.885  840.29999            
45316.425  838.40002            
45511.912  840.90002            
45707.344  839.90002            
45902.723  838.29999            
46098.048  838.59998            
46293.32  839.59998            
46488.537  839.90002            
46683.702  840.40002            
46878.812  842.70001            
47073.87  838            
47268.873  838.90002            
47463.823  842.40002            
47658.72  838.29999            
47853.563  842.29999            
48048.352  842.20001            
48243.089  843.79999            
48437.771  841.90002            
48632.401  842.5            
48826.977  845.20001            
49021.499  843.90002            
49215.968  845.09998            
49410.384  845            
49604.747  844.70001            
49799.056  844.79999            
49993.312  841.79999            
50187.515  840.90002            
50381.665  843.79999            
50575.761  840.20001            
50769.804  847.59998            
50963.795  845.09998            
51157.731  843.70001            
51351.615  843.79999            
51545.446  845.5            
51739.224  846.70001            
51932.948  846.59998            
52126.62  846.5            
52320.238  844.90002            
52513.803  848.20001            
52707.316  843.5            
52900.776  846.20001            
53094.182  847.70001            
53287.536  848.90002            
53480.836  848            
53674.084  849.5            
53867.279  852.59998            
54060.421  847.20001            
54253.511  850.5            
54446.547  853.09998            
54639.531  852            
54832.462  850.40002            
55025.34  853.29999            
55218.166  852.79999            
55410.939  852.40002            
55603.659  853.70001            
55796.326  854.70001            
55988.941  855.20001            
56181.503  854.40002            
56374.013  854.70001            
56566.47  857.59998            
56758.874  857.59998            
56951.226  859            
57143.525  859.40002            
57335.772  853            
57527.966  860.29999            
57720.108  859.79999            
57912.198  858            
58104.235  857.79999            
58296.219  862.59998            
58488.151  858.20001            
58680.031  859.40002            
58871.859  857.29999            
59063.634  857.09998            
59255.356  859.40002            
59447.027  859.40002            
59638.645  857.40002            
59830.211  858.70001            
60021.725  863.79999            
60213.186  862            
60404.596  865.59998            
60595.953  863.29999            
60787.258  866.20001            
60978.511  863.5            
61169.711  864.79999            
61360.86  868.59998            
61551.957  864.59998            
61743.001  866.29999            
61933.994  869.29999            
62124.934  865.79999            
62315.822  865.70001            
62506.659  867.79999            
62697.443  859.09998            
62888.176  863.59998            
63078.857  861.09998            
63269.485  857.29999            
63460.062  856.20001            
63650.587  855.20001            
63841.06  852            
64031.482  855            
64221.851  851.70001            
64412.169  854.09998            
64602.435  850.20001            
64792.649  851.40002            
64982.811  845.90002            
65172.922  846.90002            
65362.981  845.5            
65552.988  841.79999            
65742.944  845.79999            
65932.848  843.40002            
66122.701  841.29999            
66312.501  837.20001            
66502.251  837.20001            
66691.949  836.90002            
66881.595  836.5            
67071.189  835.40002            
67260.733  836.29999            
67450.224  834.90002            
67639.664  835.29999            
67829.053  833.79999            
68018.391  830.90002            
68207.677  831.09998            
68396.911  828.09998            
68586.094  832.5            
68775.226  830.40002            
68964.307  827.40002            
69153.336  826.20001            
69342.314  829.09998            
69531.24  825.29999            
69720.116  826.09998            
69908.94  825.40002            
70097.713  824.79999            
70286.435  826.20001            
70475.105  824.90002            
70663.725  827.5            
70852.293  826.29999            
71040.81  825.59998            
71229.276  824.5            
71417.691  823.20001            
71606.055  826.29999            
71794.368  826.5            
71982.63  824.5            
72170.841  826.09998            
72359.001  823.70001            
72547.109  823            
72735.167  825.70001            
72923.174  822.59998            
73111.131  822.79999            
73299.036  822.40002            
73486.89  821.59998            
73674.694  825.29999            
73862.446  825.79999            
74050.148  823.90002            
74237.799  820.5            
74425.399  822.29999            
74612.949  823.59998            
74800.447  822.5            
74987.896  824.09998            
75175.293  822.90002            
75362.639  824.90002            
75549.935  823            
75737.181  821.09998            
75924.375  824.29999            
76111.519  822.40002            
76298.613  821.5            
76485.656  824.40002            
76672.648  824.20001            
76859.59  820.09998            
77046.481  821.5            
77233.322  823            
77420.112  822.79999            
77606.852  823            
77793.542  825.5            
77980.181  822.59998            
78166.769  824.5            
78353.308  821            
78539.795  821.79999            
78726.233  823            
78912.62  821.5            
79098.957  819.40002            
79285.243  822            
79471.48  821.29999            
79657.666  821.29999            
79843.801  817.90002            
80029.887  821.29999            
80215.922  819.59998            
80401.907  821.29999            
80587.842  822.79999            
80773.727  817.09998            
80959.562  819.20001            
81145.347  820.09998            
81331.081  819.59998            
81516.766  817.59998            
81702.4  817.29999            
81887.984  820.40002            
82073.519  820.09998            
82259.003  822.70001            
82444.438  821.40002            
82629.822  818.59998            
82815.156  820.29999            
83000.441  821.29999            
83185.676  821.29999            
83370.86  822            
83555.995  824.79999            
83741.08  818.70001            
83926.115  819.59998            
84111.101  819.90002            
84296.036  819.5            
84480.922  820.40002            
84665.758  821.09998            
84850.545  822.20001            
85035.281  821.09998            
85219.968  822.79999            
85404.605  819.90002            
85589.193  821.29999            
85773.731  820            
85958.219  821.5            
86142.657  821.79999            
86327.046  821.5            
86511.386  821.79999            
86695.676  823.09998            
86879.916  821.79999            
87064.107  819            
87248.248  819.20001            
87432.34  820.20001            
87616.383  821.5            
87800.375  820.20001            
87984.319  822.5            
88168.213  824.5            
88352.058  821.70001            
88535.853  820.29999            
88719.599  819.59998            
88903.296  821.09998            
89086.943  820.29999            
89270.541  819.79999            
89454.09  823.90002            
89637.589  821.59998            
89821.039  821.79999            
90004.44  820.40002            
90187.792  819.79999            
90371.094  821.70001            
90554.348  822.70001            
90737.552  823.09998            
90920.707  818.29999            
91103.813  819.40002            
91286.87  817.79999            
91469.877  820.40002            
91652.836  816.29999            
91835.746  819.70001            
92018.606  822            
92201.418  819.79999            
92384.18  819.40002            
92566.894  822.29999            
92749.558  820.40002            
92932.174  819.20001            
93114.741  820.29999            