3870.4624  777.29999            
4077.4593  777.29999            
4284.398  777.20001            
4491.2787  776.90002            
4698.1013  777.79999            
4904.8658  776.5            
5111.5724  778.5            
5318.2209  779            
5524.8115  780.59998            
5731.3442  784.20001            
5937.8189  788.29999            
6144.2357  795.29999            
6350.5947  804.29999            
6556.8958  819.59998            
6763.139  841.09998            
6969.3245  871.79999            
7175.4521  905.40002            
7381.522  948.20001            
7587.5342  997.40002            
7793.4886  1049.4            
7999.3853  1088            
8205.2243  1121            
8411.0057  1138.3            
8616.7295  1140.8            
8822.3956  1142.5            
9028.0042  1151.4            
9233.5552  1164            
9439.0486  1177.2            
9644.4846  1160.1            
9849.863  1161.6            
10055.184  1145.1            
10260.447  1145.4            
10465.653  1138.4            
10670.802  1136            
10875.893  1144.4            
11080.927  1135.5            
11285.904  1137.9            
11490.823  1135.2            
11695.685  1125.8            
11900.49  1116.9            
12105.237  1111.5            
12309.927  1119.6            
12514.56  1129.2            
12719.136  1132.7            
12923.654  1124.5            
13128.116  1120.7            
13332.52  1113.2            
13536.867  1089.4            
13741.157  1087.2            
13945.391  1079            
14149.567  1063.7            
14353.686  1081.9            
14557.748  1080.3            
14761.753  1080.8            
14965.701  1092.7            
15169.592  1086.4            
15373.426  1088.2            
15577.204  1077.5            
15780.924  1075.4            
15984.588  1054.9            
16188.195  1049.8            
16391.745  1047.7            
16595.238  1046            
16798.675  1041.6            
17002.054  1031.2            
17205.378  1018.8            
17408.644  1021.5            
17611.854  1025.5            
17815.007  1026            
18018.103  1023.6            
18221.143  1014.5            
18424.127  1019.8            
18627.053  1011.2            
18829.923  1001.4            
19032.737  1004.9            
19235.494  1013            
19438.195  1016.9            
19640.839  1010.6            
19843.427  999.59998            
20045.959  1008.7            
20248.434  1001.2            
20450.853  1002.4            
20653.215  996.70001            
20855.521  993.70001            
21057.771  995.09998            
21259.964  995.79999            
21462.101  995.90002            
21664.182  992            
21866.207  998.5            
22068.176  990.90002            
22270.088  987.20001            
22471.945  982.40002            
22673.745  979.79999            
22875.489  986            
23077.177  980.20001            
23278.809  979.59998            
23480.384  977.79999            
23681.904  973.5            
23883.368  969            
24084.776  978            
24286.128  972.09998            
24487.424  968.29999            
24688.664  965.90002            
24889.848  968.90002            
25090.977  966.5            
25292.049  957.40002            
25493.066  963.70001            
25694.027  971.59998            
25894.932  969.20001            
26095.781  967.90002            
26296.575  961.40002            
26497.312  968.79999            
26697.994  973.09998            
26898.621  968.20001            
27099.192  968.59998            
27299.707  967.20001            
27500.167  965.59998            
27700.571  971.59998            
27900.919  977.59998            
28101.212  977            
28301.449  980            
28501.631  980.5            
28701.757  983            
28901.828  974.5            
29101.844  975.40002            
29301.804  981            
29501.708  985.59998            
29701.557  978            
29901.351  984.40002            
30101.09  981.70001            
30300.773  975            
30500.401  984.5            
30699.973  985.20001            
30899.491  990.40002            
31098.953  986.79999            
31298.36  985.29999            
31497.712  984.59998            
31697.008  984.40002            
31896.25  986.79999            
32095.436  983.79999            
32294.567  986            
32493.643  987.79999            
32692.664  990            
32891.63  997.70001            
33090.541  987.70001            
33289.397  978.59998            
33488.198  985.40002            
33686.944  987.09998            
33885.635  981.20001            
34084.272  986            
34282.853  984.90002            
34481.379  987.20001            
34679.851  987.40002            
34878.267  979.5            
35076.629  993.70001            
35274.936  996.20001            
35473.189  998.5            
35671.386  996.29999            
35869.529  995            
36067.617  993.29999            
36265.651  1006.2            
36463.629  1011.8            
36661.554  1013.4            
36859.423  1003.4            
37057.238  995.59998            
37254.998  999.90002            
37452.704  1002.5            
37650.355  1003.7            
37847.952  1005.2            
38045.494  994.70001            
38242.982  997.90002            
38440.415  996.09998            
38637.794  994.09998            
38835.118  999.09998            
39032.388  984.79999            
39229.603  988.90002            
39426.765  992.29999            
39623.872  987.59998            
39820.924  991.40002            
40017.922  990.20001            
40214.866  999.79999            
40411.756  995.90002            
40608.592  982.29999            
40805.373  994.79999            
41002.1  994.59998            
41198.773  990.40002            
41395.391  992.5            
41591.956  993.79999            
41788.467  997.40002            
41984.923  1003.4            
42181.325  1001.2            
42377.674  996.20001            
42573.968  997.40002            
42770.208  992.09998            
42966.394  995.29999            
43162.527  998.29999            
43358.605  1003.5            
43554.629  998.5            
43750.6  993.20001            
43946.516  991            
44142.379  992.09998            
44338.188  998.20001            
44533.943  1003.7            
44729.644  999            
44925.292  997.40002            
45120.885  1005.2            
45316.425  999.79999            
45511.912  1002.8            
45707.344  1001.7            
45902.723  996.40002            
46098.048  1007.9            
46293.32  1011.9            
46488.537  1003.6            
46683.702  1008            
46878.812  1008.8            
47073.87  1003.8            
47268.873  997.29999            
47463.823  1003.3            
47658.72  1009.5            
47853.563  1008.7            
48048.352  1013.8            
48243.089  1020            
48437.771  1025.5            
48632.401  1017.3            
48826.977  1026.4            
49021.499  1029.6            
49215.968  1021.3            
49410.384  1017.5            
49604.747  1023.5            
49799.056  1028.2            
49993.312  1014.8            
50187.515  1026.3            
50381.665  1027            
50575.761  1023.5            
50769.804  1037.1            
50963.795  1036.6            
51157.731  1030.7            
51351.615  1020            
51545.446  1033.5            
51739.224  1036            
51932.948  1037.3            
52126.62  1043.8            
52320.238  1034.5            
52513.803  1039            
52707.316  1035.7            
52900.776  1042.8            
53094.182  1043.8            
53287.536  1043            
53480.836  1044            
53674.084  1047.5            
53867.279  1047.3            
54060.421  1039.4            
54253.511  1045            
54446.547  1050.6            
54639.531  1045.1            
54832.462  1059.7            
55025.34  1058.8            
55218.166  1052.2            
55410.939  1051.4            
55603.659  1055            
55796.326  1055.1            
55988.941  1058.9            
56181.503  1055.3            
56374.013  1062.9            
56566.47  1065.2            
56758.874  1071.2            
56951.226  1074.7            
57143.525  1068.3            
57335.772  1062.9            
57527.966  1079            
57720.108  1068            
57912.198  1062            
58104.235  1066.2            
58296.219  1065.9            
58488.151  1074.2            
58680.031  1070.5            
58871.859  1058.5            
59063.634  1071.1            
59255.356  1068.3            
59447.027  1056.6            
59638.645  1056.8            
59830.211  1063.4            
60021.725  1084.5            
60213.186  1071            
60404.596  1080.2            
60595.953  1093.3            
60787.258  1084.3            
60978.511  1083.8            
61169.711  1075.7            
61360.86  1085.8            
61551.957  1080.8            
61743.001  1076.1            
61933.994  1094.2            
62124.934  1079.8            
62315.822  1088.7            
62506.659  1082.3            
62697.443  1082.9            
62888.176  1080.4            
63078.857  1074.7            
63269.485  1075.2            
63460.062  1074.8            
63650.587  1075.9            
63841.06  1077.7            
64031.482  1075.8            
64221.851  1079.4            
64412.169  1103.7            
64602.435  1103.5            
64792.649  1105            
64982.811  1105.7            
65172.922  1116.5            
65362.981  1107.2            
65552.988  1107.3            
65742.944  1127.7            
65932.848  1125.4            
66122.701  1111.9            
66312.501  1082.3            
66502.251  1078.4            
66691.949  1070.2            
66881.595  1050.1            
67071.189  1037.2            
67260.733  1038.1            
67450.224  1016.6            
67639.664  1015.8            
67829.053  1013.5            
68018.391  1008.6            
68207.677  999.90002            
68396.911  998.90002            
68586.094  1001.1            
68775.226  995.79999            
68964.307  988.40002            
69153.336  995.90002            
69342.314  992.90002            
69531.24  976.40002            
69720.116  977.79999            
69908.94  986.20001            
70097.713  975.29999            
70286.435  979.79999            
70475.105  982.20001            
70663.725  986.20001            
70852.293  978.59998            
71040.81  974.90002            
71229.276  970            
71417.691  974.90002            
71606.055  985.20001            
71794.368  978.40002            
71982.63  977.59998            
72170.841  969.5            
72359.001  979.5            
72547.109  967            
72735.167  976            
72923.174  973.79999            
73111.131  966.90002            
73299.036  967.29999            
73486.89  971.5            
73674.694  971.5            
73862.446  975.40002            
74050.148  972.09998            
74237.799  969.59998            
74425.399  961.20001            
74612.949  967.90002            
74800.447  967.90002            
74987.896  967.29999            
75175.293  965.79999            
75362.639  974.79999            
75549.935  971.70001            
75737.181  972.79999            
75924.375  968.90002            
76111.519  974.20001            
76298.613  971.20001            
76485.656  970.5            
76672.648  971.20001            
76859.59  967.5            
77046.481  962.20001            
77233.322  964.59998            
77420.112  971.29999            
77606.852  976            
77793.542  980            
77980.181  968.40002            
78166.769  969.90002            
78353.308  963.79999            
78539.795  973.5            
78726.233  963.20001            
78912.62  967.79999            
79098.957  957.5            
79285.243  963.70001            
79471.48  957.59998            
79657.666  965.40002            
79843.801  964.90002            
80029.887  961.79999            
80215.922  948.90002            
80401.907  960.20001            
80587.842  964.90002            
80773.727  961.59998            
80959.562  961.29999            
81145.347  960            
81331.081  959.40002            
81516.766  962.70001            
81702.4  963.5            
81887.984  955            
82073.519  967.20001            
82259.003  967.70001            
82444.438  960.70001            
82629.822  954            
82815.156  956.29999            
83000.441  962.09998            
83185.676  963.59998            
83370.86  972            
83555.995  972.29999            
83741.08  956.90002            
83926.115  963.59998            
84111.101  960.09998            
84296.036  961.5            
84480.922  957.90002            
84665.758  965.29999            
84850.545  973.79999            
85035.281  963.70001            
85219.968  958.90002            
85404.605  957.70001            
85589.193  967.90002            
85773.731  959            
85958.219  964.40002            
86142.657  968.09998            
86327.046  970.29999            
86511.386  963.90002            
86695.676  967.79999            
86879.916  965            
87064.107  957.70001            
87248.248  959.20001            
87432.34  966.09998            
87616.383  962.29999            
87800.375  970.79999            
87984.319  968.59998            
88168.213  972.40002            
88352.058  968.59998            
88535.853  957.40002            
88719.599  961            
88903.296  959.09998            
89086.943  959.20001            
89270.541  960.29999            
89454.09  964.79999            
89637.589  969.59998            
89821.039  965.90002            
90004.44  965.79999            
90187.792  970.70001            
90371.094  967.5            
90554.348  970.70001            
90737.552  970.90002            
90920.707  962.09998            
91103.813  960.20001            
91286.87  957.09998            
91469.877  951.79999            
91652.836  955.70001            
91835.746  967.59998            
92018.606  964.90002            
92201.418  962.5            
92384.18  960.79999            
92566.894  963.5            
92749.558  962.59998            
92932.174  960            
93114.741  962.79999            
93297.259  964.70001            
93479.727  962.79999            
93662.147  966.20001            
93844.519  965.79999            
94026.841  958.79999            
94209.115  964.20001            
94391.339  967.09998            
94573.515  965.09998            
94755.642  964.59998            
94937.721  974            
95119.751  965.40002            
95301.732  959.59998            
95483.664  963.70001            
95665.547  963.5            
95847.382  956.20001            
96029.169  960.59998            
96210.906  965.5            
96392.596  960.40002            
96574.236  968.09998            
96755.828  972.09998            
96937.371  966.59998            
97118.866  960.59998            
97300.312  964.70001            
97481.71  960.5            
97663.06  961.70001            
97844.36  965.20001            
98025.613  955.59998            
98206.817  961.70001  