2627.26  777            
2834.6059  777.40002            
3041.8936  776.90002            
3249.1231  776.5            
3456.2943  776.90002            
3663.4075  777.20001            
3870.4624  776.40002            
4077.4593  776.90002            
4284.398  776.79999            
4491.2787  776.09998            
4698.1013  776.90002            
4904.8658  777            
5111.5724  778            
5318.2209  778.70001            
5524.8115  781.5            
5731.3442  783.90002            
5937.8189  790            
6144.2357  797.70001            
6350.5947  809.29999            
6556.8958  825.59998            
6763.139  850.59998            
6969.3245  884.70001            
7175.4521  925.20001            
7381.522  975.90002            
7587.5342  1025.8            
7793.4886  1079.5            
7999.3853  1117.8            
8205.2243  1155.9            
8411.0057  1164.2            
8616.7295  1169.8            
8822.3956  1184.9            
9028.0042  1202            
9233.5552  1194.5            
9439.0486  1199            
9644.4846  1176.2            
9849.863  1167.2            
10055.184  1166.5            
10260.447  1169.5            
10465.653  1171.8            
10670.802  1165.8            
10875.893  1167.5            
11080.927  1156.1            
11285.904  1144.1            
11490.823  1150.6            
11695.685  1147.3            
11900.49  1155            
12105.237  1143.3            
12309.927  1145.3            
12514.56  1152.8            
12719.136  1158.4            
12923.654  1154.9            
13128.116  1127.6            
13332.52  1114            
13536.867  1113.8            
13741.157  1097.8            
13945.391  1111.3            
14149.567  1120.2            
14353.686  1093.6            
14557.748  1096.1            
14761.753  1100.9            
14965.701  1101.5            
15169.592  1101            
15373.426  1103            
15577.204  1097.9            
15780.924  1069.7            
15984.588  1064.6            
16188.195  1064.6            
16391.745  1065.9            
16595.238  1062.5            
16798.675  1051.9            
17002.054  1068            
17205.378  1048.7            
17408.644  1034.7            
17611.854  1039.5            
17815.007  1037.7            
18018.103  1032.1            
18221.143  1036.6            
18424.127  1040            
18627.053  1024.3            
18829.923  1034.9            
19032.737  1036            
19235.494  1034.2            
19438.195  1032.2            
19640.839  1035            
19843.427  1030.7            
20045.959  1028.4            
20248.434  1022.3            
20450.853  1020.1            
20653.215  1015.5            
20855.521  1022.4            
21057.771  1020.3            
21259.964  1024            
21462.101  1006.2            
21664.182  1006.6            
21866.207  1010.7            
22068.176  1002.6            
22270.088  1010.4            
22471.945  998.79999            
22673.745  990.90002            
22875.489  997.20001            
23077.177  1002.1            
23278.809  1005.4            
23480.384  1000            
23681.904  989.40002            
23883.368  986.20001            
24084.776  993.09998            
24286.128  985.09998            
24487.424  977.70001            
24688.664  980.59998            
24889.848  979.70001            
25090.977  976.29999            
25292.049  981.59998            
25493.066  983.5            
25694.027  979.29999            
25894.932  979.29999            
26095.781  976.90002            
26296.575  982.5            
26497.312  979.20001            
26697.994  991.09998            
26898.621  995.20001            
27099.192  981.90002            
27299.707  980.70001            
27500.167  977            
27700.571  972.20001            
27900.919  975.59998            
28101.212  987            
28301.449  995.40002            
28501.631  993            
28701.757  988.5            
28901.828  977.79999            
29101.844  988.90002            
29301.804  984            
29501.708  983.79999            
29701.557  994            
29901.351  987.40002            
30101.09  980.20001            
30300.773  989.29999            
30500.401  1003.2            
30699.973  991.09998            
30899.491  983.40002            
31098.953  986.70001            
31298.36  976            
31497.712  989.09998            
31697.008  991.29999            
31896.25  992.70001            
32095.436  989.40002            
32294.567  981.5            
32493.643  991.59998            
32692.664  996.79999            
32891.63  990.29999            
33090.541  982.5            
33289.397  995.29999            
33488.198  995.59998            
33686.944  988.79999            
33885.635  992.59998            
34084.272  982.70001            
34282.853  990.29999            
34481.379  989.79999            
34679.851  988.59998            
34878.267  991            
35076.629  990.40002            
35274.936  1001.3            
35473.189  1000.6            
35671.386  991.29999            
35869.529  995.5            
36067.617  1002.2            
36265.651  997.5            
36463.629  1002.1            
36661.554  1005.2            
36859.423  1000.3            
37057.238  993            
37254.998  992.79999            
37452.704  998            
37650.355  1001.4            
37847.952  994.20001            
38045.494  991.40002            
38242.982  993.20001            
38440.415  995.59998            
38637.794  997.5            
38835.118  1003.6            
39032.388  1002.1            
39229.603  994.79999            
39426.765  994.70001            
39623.872  995.09998            
39820.924  990.59998            
40017.922  985.79999            
40214.866  992.59998            
40411.756  995.70001            
40608.592  998.09998            
40805.373  990.40002            
41002.1  985.79999            
41198.773  1003.2            
41395.391  993.09998            
41591.956  990            
41788.467  991.09998            
41984.923  994.90002            
42181.325  1008.7            
42377.674  1002.5            
42573.968  998.90002            
42770.208  1006.9            
42966.394  995.40002            
43162.527  991.40002            
43358.605  991.20001            
43554.629  1004.4            
43750.6  1006.2            
43946.516  995            
44142.379  992.59998            
44338.188  1007.5            
44533.943  1006.3            
44729.644  1007.4            
44925.292  1007.5            
45120.885  1000            
45316.425  1000.7            
45511.912  1003            
45707.344  999.90002            
45902.723  1000.8            
46098.048  993.5            
46293.32  1003.4            
46488.537  1005            
46683.702  1014.1            
46878.812  1008.4            
47073.87  1008.5            
47268.873  1003.9            
47463.823  1018.2            
47658.72  1013.6            
47853.563  1011.5            
48048.352  1014.6            
48243.089  1026.5            
48437.771  1025.6            
48632.401  1023.6            
48826.977  1027.6            
49021.499  1024.2            
49215.968  1029            
49410.384  1028.2            
49604.747  1022.1            
49799.056  1017.9            
49993.312  1015.9            
50187.515  1015.1            
50381.665  1014.8            
50575.761  1021.1            
50769.804  1035.7            
50963.795  1030.2            
51157.731  1029.7            
51351.615  1036.8            
51545.446  1031.5            
51739.224  1040.1            
51932.948  1040.5            
52126.62  1025.9            
52320.238  1040.9            
52513.803  1051.2            
52707.316  1037.8            
52900.776  1039.9            
53094.182  1040.6            
53287.536  1052.3            
53480.836  1038.5            
53674.084  1039            
53867.279  1052.1            
54060.421  1040            
54253.511  1038.7            
54446.547  1050.2            
54639.531  1045.4            
54832.462  1047.6            
55025.34  1052.1            
55218.166  1047.6            
55410.939  1062.6            
55603.659  1048.6            
55796.326  1055.4            
55988.941  1055.7            
56181.503  1055.7            
56374.013  1064.3            
56566.47  1058.6            
56758.874  1072.5            
56951.226  1062            
57143.525  1061.3            
57335.772  1070.9            
57527.966  1063.9            
57720.108  1071.5            
57912.198  1057.4            
58104.235  1070.8            
58296.219  1072.5            
58488.151  1060.3            
58680.031  1050.7            
58871.859  1075.8            
59063.634  1074.4            
59255.356  1075.4            
59447.027  1067.6            
59638.645  1065.3            
59830.211  1072.5            
60021.725  1086.2            
60213.186  1082.7            
60404.596  1088.5            
60595.953  1082.8            
60787.258  1098.7            
60978.511  1103.4            
61169.711  1101.4            
61360.86  1105.6            
61551.957  1092.9            
61743.001  1099.9            
61933.994  1109.3            
62124.934  1095.9            
62315.822  1090.8            
62506.659  1098.3            
62697.443  1103.6            
62888.176  1103.7            
63078.857  1107.6            
63269.485  1100.5            
63460.062  1091.7            
63650.587  1104.5            
63841.06  1092.3            
64031.482  1088.4            
64221.851  1100.5            
64412.169  1112.5            
64602.435  1104            
64792.649  1092.7            
64982.811  1083.4            
65172.922  1074.2            
65362.981  1070.9            
65552.988  1065.8            
65742.944  1067.3            
65932.848  1056.3            
66122.701  1047.8            
66312.501  1037.7            
66502.251  1040.3            
66691.949  1028.4            
66881.595  1023.2            
67071.189  1018.8            
67260.733  1006.5            
67450.224  1004.7            
67639.664  1008.7            
67829.053  999.09998            
68018.391  990.5            
68207.677  987.40002            
68396.911  983.40002            
68586.094  991.90002            
68775.226  979.5            
68964.307  988.09998            
69153.336  986.90002            
69342.314  983.09998            
69531.24  984.90002            
69720.116  971.20001            
69908.94  965            
70097.713  968.5            
70286.435  975.40002            
70475.105  969.5            
70663.725  970.29999            
70852.293  979            
71040.81  971.79999            
71229.276  963.20001            
71417.691  972            
71606.055  970.20001            
71794.368  966.40002            
71982.63  960.5            
72170.841  966.90002            
72359.001  967.79999            
72547.109  960.79999            
72735.167  968.5            
72923.174  966.79999            
73111.131  962.29999            
73299.036  958.79999            
73486.89  962.09998            
73674.694  964.59998            
73862.446  963.20001            
74050.148  953.40002            
74237.799  953.09998            
74425.399  961.09998            
74612.949  957.5            
74800.447  957.09998            
74987.896  960.09998            
75175.293  962.20001            
75362.639  963.90002            
75549.935  958.09998            
75737.181  954            
75924.375  959            
76111.519  968.79999            
76298.613  961.09998            
76485.656  953.09998            
76672.648  959.70001            
76859.59  955.70001            
77046.481  950.20001            
77233.322  957.5            
77420.112  957.59998            
77606.852  965.79999            
77793.542  956.5            
77980.181  953.90002            
78166.769  957.20001            
78353.308  947.20001            
78539.795  950.5            
78726.233  959.5            
78912.62  952.5            
79098.957  948.40002            
79285.243  949.40002            
79471.48  947.5            
79657.666  950            
79843.801  947.40002            
80029.887  951.29999            
80215.922  946.79999            
80401.907  952.20001            
80587.842  948.40002            
80773.727  948.79999            
80959.562  938            
81145.347  940.09998            
81331.081  941.09998            
81516.766  949.79999            
81702.4  950.20001            
81887.984  937.5            
82073.519  949.40002            
82259.003  945.90002            
82444.438  949.29999            
82629.822  941.5            
82815.156  945.70001            
83000.441  950.09998            
83185.676  947.90002            
83370.86  948.59998            
83555.995  949.5            
83741.08  951.79999            
83926.115  954.79999            
84111.101  945.29999            
84296.036  952            
84480.922  957            
84665.758  948.90002            
84850.545  947            
85035.281  950.79999            
85219.968  944.90002            
85404.605  949.79999            
85589.193  956.40002            
85773.731  951.20001            
85958.219  952.5            
86142.657  948.5            
86327.046  940.59998            
86511.386  944.70001            
86695.676  953.70001            
86879.916  955            
87064.107  948.29999            
87248.248  944.29999            
87432.34  945.90002            
87616.383  950.20001            
87800.375  949.70001            
87984.319  950.5            
88168.213  951            
88352.058  948.59998            
88535.853  947.20001            
88719.599  946.40002            
88903.296  940.90002            
89086.943  938.70001            
89270.541  947.79999            
89454.09  950.29999            
89637.589  943.70001            
89821.039  948.59998            
90004.44  951.59998            
90187.792  951.09998            
90371.094  951            
90554.348  954.59998            
90737.552  943.20001            
90920.707  939.5            
91103.813  940.29999            
91286.87  940.20001            
91469.877  944.79999            
91652.836  938.70001            
91835.746  937.40002            
92018.606  944.70001            
92201.418  948.5            
92384.18  949.79999            
92566.894  945.5            
92749.558  941.79999            
92932.174  943.5            
93114.741  943.40002            
93297.259  945.29999            
93479.727  949.20001            
93662.147  945.5            
93844.519  946.70001            
94026.841  948.90002            
94209.115  942            
94391.339  939.29999            
94573.515  948.09998            
94755.642  945            
94937.721  940.20001            
95119.751  945.59998            
95301.732  943.5            
95483.664  943.70001            
95665.547  944            
95847.382  943.70001            
96029.169  938.59998            
96210.906  940.40002            
96392.596  942.20001            
96574.236  940.09998            
96755.828  953.59998            
96937.371  941.70001            
97118.866  931.09998            
97300.312  944.40002            
97481.71  945.90002            
97663.06  939.79999            
97844.36  937.40002            
98025.613  937.90002            
98206.817  947.90002            
98387.972  940.20001            
98569.08  947.90002            
98750.138  945.90002            
98931.149  942.70001            
99112.111  943.29999            
99293.025  939.70001            
99473.89  938.09998            
99654.707  937.09998            
99835.476  941.79999            
100016.2  942.79999            
100196.87  939.09998            
100377.49  943.29999            
100558.07  952.79999            