5111.5724  779.29999            
5318.2209  781.59998            
5524.8115  784.29999            
5731.3442  789.59998            
5937.8189  798.29999            
6144.2357  809.5            
6350.5947  828.09998            
6556.8958  854.40002            
6763.139  897.59998            
6969.3245  946.5            
7175.4521  1000.9            
7381.522  1079.3            
7587.5342  1173.4            
7793.4886  1262.5            
7999.3853  1321.5            
8205.2243  1369            
8411.0057  1391            
8616.7295  1414.3            
8822.3956  1425.3            
9028.0042  1451.4            
9233.5552  1457.3            
9439.0486  1481.9            
9644.4846  1439.1            
9849.863  1426.2            
10055.184  1422.9            
10260.447  1426            
10465.653  1398.4            
10670.802  1388.9            
10875.893  1394.1            
11080.927  1384.9            
11285.904  1380.8            
11490.823  1379.3            
11695.685  1389.5            
11900.49  1391.3            
12105.237  1389.2            
12309.927  1380.4            
12514.56  1383.6            
12719.136  1384.7            
12923.654  1381.5            
13128.116  1367.5            
13332.52  1327.6            
13536.867  1304.4            
13741.157  1287.1            
13945.391  1318.8            
14149.567  1315.8            
14353.686  1307.3            
14557.748  1294.9            
14761.753  1303.5            
14965.701  1311.4            
15169.592  1291.7            
15373.426  1291.2            
15577.204  1292.8            
15780.924  1265.7            
15984.588  1243.7            
16188.195  1233.2            
16391.745  1239.3            
16595.238  1227.3            
16798.675  1223            
17002.054  1223.6            
17205.378  1211.5            
17408.644  1199            
17611.854  1194.9            
17815.007  1200.6            
18018.103  1186.8            
18221.143  1184.5            
18424.127  1179.3            
18627.053  1188.2            
18829.923  1178.1            
19032.737  1184.2            
19235.494  1179            
19438.195  1187.9            
19640.839  1189.2            
19843.427  1169.6            
20045.959  1178.3            
20248.434  1164.5            
20450.853  1154.3            
20653.215  1164.1            
20855.521  1172.2            
21057.771  1179.3            
21259.964  1166.6            
21462.101  1149.6            
21664.182  1144            
21866.207  1151.6            
22068.176  1139.7            
22270.088  1153.4            
22471.945  1134.9            
22673.745  1127.9            
22875.489  1131.9            
23077.177  1131.1            
23278.809  1124.5            
23480.384  1123.3            
23681.904  1116.8            
23883.368  1117.4            
24084.776  1127.4            
24286.128  1112.8            
24487.424  1107.5            
24688.664  1114.8            
24889.848  1103.9            
25090.977  1096.5            
25292.049  1096.5            
25493.066  1101.5            
25694.027  1105.7            
25894.932  1100.9            
26095.781  1100.5            
26296.575  1093.9            
26497.312  1093.2            
26697.994  1115            
26898.621  1105.9            
27099.192  1103.2            
27299.707  1098.7            
27500.167  1100.8            
27700.571  1096.5            
27900.919  1091.4            
28101.212  1112.2            
28301.449  1114.4            
28501.631  1122.8            
28701.757  1125.4            
28901.828  1117.1            
29101.844  1113.1            
29301.804  1109.3            
29501.708  1104            
29701.557  1114.9            
29901.351  1119.8            
30101.09  1107.2            
30300.773  1113.1            
30500.401  1122.8            
30699.973  1119.2            
30899.491  1111.9            
31098.953  1123.1            
31298.36  1108.3            
31497.712  1120            
31697.008  1124.2            
31896.25  1116.8            
32095.436  1121.5            
32294.567  1113.8            
32493.643  1117.9            
32692.664  1124.3            
32891.63  1119.8            
33090.541  1131            
33289.397  1121.7            
33488.198  1123.2            
33686.944  1123.9            
33885.635  1117.4            
34084.272  1114.7            
34282.853  1120.5            
34481.379  1115.5            
34679.851  1122.9            
34878.267  1139.3            
35076.629  1135.9            
35274.936  1140.5            
35473.189  1140.3            
35671.386  1124.9            
35869.529  1124.1            
36067.617  1142.1            
36265.651  1134.6            
36463.629  1141.7            
36661.554  1142.9            
36859.423  1133.5            
37057.238  1148.7            
37254.998  1147.7            
37452.704  1138.3            
37650.355  1136.2            
37847.952  1138.1            
38045.494  1128.1            
38242.982  1125.7            
38440.415  1134.2            
38637.794  1141            
38835.118  1142.3            
39032.388  1133.5            
39229.603  1120.6            
39426.765  1137.3            
39623.872  1134.7            
39820.924  1131.7            
40017.922  1116.6            
40214.866  1123.9            
40411.756  1144.9            
40608.592  1140.9            
40805.373  1132.8            
41002.1  1118.2            
41198.773  1124.7            
41395.391  1126.5            
41591.956  1124.8            
41788.467  1133.9            
41984.923  1132.6            
42181.325  1152.6            
42377.674  1148.2            
42573.968  1141.9            
42770.208  1135.7            
42966.394  1123.7            
43162.527  1124.2            
43358.605  1128.2            
43554.629  1144.1            
43750.6  1141            
43946.516  1125.2            
44142.379  1137.2            
44338.188  1151.7            
44533.943  1142.9            
44729.644  1135.3            
44925.292  1144.5            
45120.885  1133            
45316.425  1136            
45511.912  1150.6            
45707.344  1145.8            
45902.723  1130.1            
46098.048  1131.3            
46293.32  1141.3            
46488.537  1143.4            
46683.702  1158.7            
46878.812  1152.5            
47073.87  1149            
47268.873  1154.1            
47463.823  1168.5            
47658.72  1163.9            
47853.563  1158.7            
48048.352  1170.5            
48243.089  1189.2            
48437.771  1187.1            
48632.401  1175.6            
48826.977  1172.7            
49021.499  1186.2            
49215.968  1179.3            
49410.384  1160.2            
49604.747  1169.8            
49799.056  1166.8            
49993.312  1186            
50187.515  1193.2            
50381.665  1180.9            
50575.761  1185.5            
50769.804  1199            
50963.795  1207.1            
51157.731  1198.9            
51351.615  1191.3            
51545.446  1187.2            
51739.224  1212.6            
51932.948  1208.8            
52126.62  1189.1            
52320.238  1201.2            
52513.803  1214.4            
52707.316  1211.2            
52900.776  1204.6            
53094.182  1196.5            
53287.536  1215.3            
53480.836  1203.2            
53674.084  1206            
53867.279  1223.3            
54060.421  1217.9            
54253.511  1218.1            
54446.547  1214.5            
54639.531  1212.5            
54832.462  1220.8            
55025.34  1217            
55218.166  1217.6            
55410.939  1238.2            
55603.659  1222.9            
55796.326  1213.7            
55988.941  1217.4            
56181.503  1226.1            
56374.013  1224.7            
56566.47  1230.3            
56758.874  1250            
56951.226  1245            
57143.525  1239.3            
57335.772  1243            
57527.966  1236.2            
57720.108  1236.6            
57912.198  1235.9            
58104.235  1244.8            
58296.219  1253.1            
58488.151  1246.9            
58680.031  1234.3            
58871.859  1259.3            
59063.634  1263.3            
59255.356  1251.2            
59447.027  1231.2            
59638.645  1221.7            
59830.211  1246.1            
60021.725  1276.4            
60213.186  1264.1            
60404.596  1268.2            
60595.953  1265.6            
60787.258  1278.8            
60978.511  1271.9            
61169.711  1272            
61360.86  1292            
61551.957  1278.7            
61743.001  1289.5            
61933.994  1298.6            
62124.934  1279.7            
62315.822  1281.5            
62506.659  1291.5            
62697.443  1294.8            
62888.176  1287.1            
63078.857  1299.3            
63269.485  1280.2            
63460.062  1264.7            
63650.587  1292.6            
63841.06  1300.2            
64031.482  1310.1            
64221.851  1307.8            
64412.169  1322.8            
64602.435  1317.8            
64792.649  1294.7            
64982.811  1293.3            
65172.922  1284.5            
65362.981  1298.1            
65552.988  1297            
65742.944  1286.7            
65932.848  1252.6            
66122.701  1238.8            
66312.501  1230.8            
66502.251  1220.7            
66691.949  1201            
66881.595  1189.2            
67071.189  1186.5            
67260.733  1176.2            
67450.224  1160.6            
67639.664  1172.2            
67829.053  1151.4            
68018.391  1121.4            
68207.677  1128            
68396.911  1128.6            
68586.094  1128.9            
68775.226  1128.6            
68964.307  1131.7            
69153.336  1129.4            
69342.314  1120.2            
69531.24  1124            
69720.116  1106.8            
69908.94  1089.5            
70097.713  1101.7            
70286.435  1106.8            
70475.105  1108.3            
70663.725  1097.1            
70852.293  1114.5            
71040.81  1107.4            
71229.276  1090.2            
71417.691  1103.4            
71606.055  1111.6            
71794.368  1102.6            
71982.63  1089.2            
72170.841  1093            
72359.001  1107.9            
72547.109  1086.3            
72735.167  1097.7            
72923.174  1099.6            
73111.131  1086.9            
73299.036  1087.8            
73486.89  1099.5            
73674.694  1092.6            
73862.446  1085.6            
74050.148  1076.2            
74237.799  1077.1            
74425.399  1082.3            
74612.949  1085.2            
74800.447  1088.9            
74987.896  1087.5            
75175.293  1099.7            
75362.639  1098.9            
75549.935  1088.3            
75737.181  1077.8            
75924.375  1086.8            
76111.519  1091.1            
76298.613  1086.7            
76485.656  1069.6            
76672.648  1088            
76859.59  1073.1            
77046.481  1079            
77233.322  1092.3            
77420.112  1089.3            
77606.852  1106.3            
77793.542  1096            
77980.181  1073.5            
78166.769  1080.5            
78353.308  1077.2            
78539.795  1077.8            
78726.233  1081            
78912.62  1080.1            
79098.957  1068.3            
79285.243  1067.4            
79471.48  1068.9            
79657.666  1078.1            
79843.801  1069.7            
80029.887  1077.4            
80215.922  1072.9            
80401.907  1078.8            
80587.842  1071.7            
80773.727  1072.2            
80959.562  1071            
81145.347  1062            
81331.081  1059.8            
81516.766  1073.9            
81702.4  1072.1            
81887.984  1054            
82073.519  1070.6            
82259.003  1070            
82444.438  1075.4            
82629.822  1063.4            
82815.156  1066            
83000.441  1075.3            
83185.676  1082.5            
83370.86  1077.6            
83555.995  1076.8            
83741.08  1079.2            
83926.115  1077.5            
84111.101  1075.4            
84296.036  1075.4            
84480.922  1072.6            
84665.758  1071.6            
84850.545  1067            
85035.281  1071.3            
85219.968  1069.8            
85404.605  1075.1            
85589.193  1079.3            
85773.731  1077.4            
85958.219  1080.3            
86142.657  1068.6            
86327.046  1066.7            
86511.386  1078.7            
86695.676  1083.8            
86879.916  1080.4            
87064.107  1069.5            
87248.248  1066.4            
87432.34  1082.5            
87616.383  1081.3            
87800.375  1084.3            
87984.319  1070.4            
88168.213  1066.3            
88352.058  1082.9            
88535.853  1072.2            
88719.599  1079.4            
88903.296  1077.5            
89086.943  1065.7            
89270.541  1071.2            
89454.09  1069            
89637.589  1068.9            
89821.039  1081.8            
90004.44  1083.2            
90187.792  1078.5            
90371.094  1079.9            
90554.348  1083.2            
90737.552  1074.7            
90920.707  1065            
91103.813  1067.2            
91286.87  1065            
91469.877  1057.3            
91652.836  1055.1            
91835.746  1070.4            
92018.606  1072.1            
92201.418  1069.7            
92384.18  1071.2            
92566.894  1072.5            
92749.558  1073.9            
92932.174  1068.3            
93114.741  1063.2            
93297.259  1073.7            
93479.727  1074.9            
93662.147  1072.6            
93844.519  1070.5            
94026.841  1079.4            
94209.115  1067.4            
94391.339  1075.8            
94573.515  1077.1            
94755.642  1082.9            
94937.721  1069.1            
95119.751  1067.8            
95301.732  1068.1            
95483.664  1068.9            
95665.547  1072.8            
95847.382  1071.2            
96029.169  1062.9            
96210.906  1072.9            
96392.596  1064.4            
96574.236  1060.9            
96755.828  1087.7            
96937.371  1077.6            