3870.4624  777.90002            
4077.4593  776.29999            
4284.398  777            
4491.2787  777.29999            
4698.1013  777.70001            
4904.8658  777.59998            
5111.5724  779.79999            
5318.2209  781            
5524.8115  783.59998            
5731.3442  789.20001            
5937.8189  797.59998            
6144.2357  811.5            
6350.5947  828.90002            
6556.8958  855.90002            
6763.139  896.90002            
6969.3245  946.29999            
7175.4521  1006.5            
7381.522  1083.9            
7587.5342  1175            
7793.4886  1273.9            
7999.3853  1336.4            
8205.2243  1362.8            
8411.0057  1384.4            
8616.7295  1416.1            
8822.3956  1431.7            
9028.0042  1452.8            
9233.5552  1460.6            
9439.0486  1475.4            
9644.4846  1437.4            
9849.863  1420.4            
10055.184  1418.8            
10260.447  1405.8            
10465.653  1393.5            
10670.802  1393.7            
10875.893  1383.1            
11080.927  1379.2            
11285.904  1373.7            
11490.823  1377.8            
11695.685  1376.4            
11900.49  1393.3            
12105.237  1375.1            
12309.927  1385.7            
12514.56  1387.1            
12719.136  1384.3            
12923.654  1376.3            
13128.116  1355.8            
13332.52  1327.6            
13536.867  1295.1            
13741.157  1292.5            
13945.391  1319.7            
14149.567  1318.5            
14353.686  1297.1            
14557.748  1289.7            
14761.753  1297.1            
14965.701  1303.3            
15169.592  1289.1            
15373.426  1288.7            
15577.204  1292.4            
15780.924  1262.8            
15984.588  1246.3            
16188.195  1226.5            
16391.745  1226            
16595.238  1225.5            
16798.675  1224            
17002.054  1225.2            
17205.378  1200.3            
17408.644  1192.5            
17611.854  1191.3            
17815.007  1191.6            
18018.103  1183.4            
18221.143  1184.4            
18424.127  1183.7            
18627.053  1178.7            
18829.923  1178            
19032.737  1181.7            
19235.494  1186.3            
19438.195  1192            
19640.839  1189.7            
19843.427  1165.8            
20045.959  1166.6            
20248.434  1166.8            
20450.853  1153.7            
20653.215  1164.2            
20855.521  1170            
21057.771  1181.5            
21259.964  1166.5            
21462.101  1151.3            
21664.182  1139            
21866.207  1144.5            
22068.176  1143.8            
22270.088  1143.9            
22471.945  1129.1            
22673.745  1126.7            
22875.489  1136.6            
23077.177  1128.5            
23278.809  1124.8            
23480.384  1123.1            
23681.904  1122.8            
23883.368  1119.1            
24084.776  1120.9            
24286.128  1113.8            
24487.424  1105.1            
24688.664  1112.7            
24889.848  1095.5            
25090.977  1100.7            
25292.049  1096.9            
25493.066  1105.8            
25694.027  1101.5            
25894.932  1102.6            
26095.781  1101.8            
26296.575  1101.5            
26497.312  1093.5            
26697.994  1107            
26898.621  1099.7            
27099.192  1104.4            
27299.707  1102            
27500.167  1097            
27700.571  1100.5            
27900.919  1091.2            
28101.212  1105.4            
28301.449  1119.1            
28501.631  1121.3            
28701.757  1110.8            
28901.828  1106.9            
29101.844  1116.2            
29301.804  1114            
29501.708  1107.9            
29701.557  1111.9            
29901.351  1109            
30101.09  1106.5            
30300.773  1108.2            
30500.401  1125.7            
30699.973  1115.8            
30899.491  1097.9            
31098.953  1111.9            
31298.36  1105.7            
31497.712  1109.3            
31697.008  1107.9            
31896.25  1102.8            
32095.436  1114            
32294.567  1107.7            
32493.643  1116.7            
32692.664  1121.7            
32891.63  1120.1            
33090.541  1124.3            
33289.397  1123.3            
33488.198  1123.7            
33686.944  1113.5            
33885.635  1117.2            
34084.272  1111.3            
34282.853  1121.4            
34481.379  1111.8            
34679.851  1119.4            
34878.267  1119.1            
35076.629  1122.3            
35274.936  1125.3            
35473.189  1126.5            
35671.386  1115.7            
35869.529  1115.8            
36067.617  1118.7            
36265.651  1117            
36463.629  1126.6            
36661.554  1135.6            
36859.423  1127            
37057.238  1139            
37254.998  1133.9            
37452.704  1117.8            
37650.355  1128.8            
37847.952  1124.5            
38045.494  1117.9            
38242.982  1122.1            
38440.415  1117.4            
38637.794  1130.8            
38835.118  1131.5            
39032.388  1127.1            
39229.603  1116.4            
39426.765  1134            
39623.872  1133.7            
39820.924  1109.5            
40017.922  1098.6            
40214.866  1115.8            
40411.756  1141.2            
40608.592  1125.7            
40805.373  1118.1            
41002.1  1112.8            
41198.773  1113            
41395.391  1108            
41591.956  1113            
41788.467  1120            
41984.923  1125            
42181.325  1146.1            
42377.674  1143.7            
42573.968  1136.5            
42770.208  1129            
42966.394  1115.4            
43162.527  1110.6            
43358.605  1117.5            
43554.629  1130.7            
43750.6  1137.8            
43946.516  1122.9            
44142.379  1128.5            
44338.188  1137.9            
44533.943  1134.5            
44729.644  1126.7            
44925.292  1135.2            
45120.885  1134.3            
45316.425  1128.5            
45511.912  1140.3            
45707.344  1135.5            
45902.723  1122.3            
46098.048  1123.4            
46293.32  1125.3            
46488.537  1134.9            
46683.702  1158.1            
46878.812  1151.9            
47073.87  1145.2            
47268.873  1151.8            
47463.823  1164.4            
47658.72  1157            
47853.563  1144.1            
48048.352  1157.9            
48243.089  1177.9            
48437.771  1186.5            
48632.401  1171.2            
48826.977  1172.8            
49021.499  1173.1            
49215.968  1172.6            
49410.384  1159.9            
49604.747  1167.2            
49799.056  1158.5            
49993.312  1171.1            
50187.515  1183.7            
50381.665  1167.9            
50575.761  1170            
50769.804  1194.8            
50963.795  1194.6            
51157.731  1184.5            
51351.615  1180.5            
51545.446  1173.7            
51739.224  1197            
51932.948  1205.3            
52126.62  1177            
52320.238  1192            
52513.803  1200.1            
52707.316  1198.3            
52900.776  1192.9            
53094.182  1198.6            
53287.536  1196.9            
53480.836  1194.8            
53674.084  1200.4            
53867.279  1215.8            
54060.421  1199.9            
54253.511  1198.3            
54446.547  1204.3            
54639.531  1203.7            
54832.462  1205.9            
55025.34  1196.6            
55218.166  1205.8            
55410.939  1227.8            
55603.659  1205.9            
55796.326  1208.4            
55988.941  1208            
56181.503  1215.9            
56374.013  1219.5            
56566.47  1221.2            
56758.874  1220.2            
56951.226  1225.7            
57143.525  1224.3            
57335.772  1236.4            
57527.966  1226.2            
57720.108  1229.2            
57912.198  1227.4            
58104.235  1232.5            
58296.219  1237            
58488.151  1226.6            
58680.031  1229.5            
58871.859  1244.8            
59063.634  1245.2            
59255.356  1239.4            
59447.027  1227.7            
59638.645  1224.8            
59830.211  1234.2            
60021.725  1271.4            
60213.186  1264.6            
60404.596  1258.4            
60595.953  1262.6            
60787.258  1279.9            
60978.511  1270.1            
61169.711  1280.4            
61360.86  1286.2            
61551.957  1271.2            
61743.001  1280.1            
61933.994  1297.7            
62124.934  1274.5            
62315.822  1296.9            
62506.659  1289.7            
62697.443  1302.7            
62888.176  1283.7            
63078.857  1298.5            
63269.485  1284.1            
63460.062  1264.2            
63650.587  1291.5            
63841.06  1284.6            
64031.482  1291.6            
64221.851  1269.1            
64412.169  1280.4            
64602.435  1280.3            
64792.649  1261            
64982.811  1240.7            
65172.922  1233.7            
65362.981  1245.6            
65552.988  1240.6            
65742.944  1236.2            
65932.848  1201.3            
66122.701  1206.7            
66312.501  1194.2            
66502.251  1189.8            
66691.949  1184.3            
66881.595  1164.7            
67071.189  1157.7            
67260.733  1156.7            
67450.224  1142.5            
67639.664  1154            
67829.053  1131.3            
68018.391  1114.2            
68207.677  1105.9            
68396.911  1114.2            
68586.094  1122.1            
68775.226  1111.7            
68964.307  1117.6            
69153.336  1115.2            
69342.314  1111.3            
69531.24  1114.6            
69720.116  1094            
69908.94  1084.2            
70097.713  1100.3            
70286.435  1105.3            
70475.105  1098.7            
70663.725  1086.7            
70852.293  1101.9            
71040.81  1090.7            
71229.276  1087.9            
71417.691  1095.6            
71606.055  1098.6            
71794.368  1090.8            
71982.63  1079.5            
72170.841  1089.5            
72359.001  1088.7            
72547.109  1075.8            
72735.167  1088.2            
72923.174  1083.6            
73111.131  1074.4            
73299.036  1082.2            
73486.89  1093            
73674.694  1080.9            
73862.446  1071.7            
74050.148  1069.1            
74237.799  1071            
74425.399  1074            
74612.949  1075.9            
74800.447  1072.9            
74987.896  1070            
75175.293  1079            
75362.639  1086.2            
75549.935  1068.2            
75737.181  1065.6            
75924.375  1078.9            
76111.519  1081.6            
76298.613  1078.4            
76485.656  1066.3            
76672.648  1069.9            
76859.59  1064.3            
77046.481  1075.6            
77233.322  1075.7            
77420.112  1075            
77606.852  1087.5            
77793.542  1082.3            
77980.181  1057.7            
78166.769  1071            
78353.308  1063.4            
78539.795  1063.5            
78726.233  1067.1            
78912.62  1067.3            
79098.957  1062.1            
79285.243  1055.2            
79471.48  1057.8            
79657.666  1062.6            
79843.801  1052.5            
80029.887  1057.7            
80215.922  1054            
80401.907  1065.7            
80587.842  1067.7            
80773.727  1060.2            
80959.562  1054.8            
81145.347  1047.3            
81331.081  1052.1            
81516.766  1063.2            
81702.4  1063.7            
81887.984  1036.2            
82073.519  1061.4            
82259.003  1056.3            
82444.438  1065.2            
82629.822  1053.2            
82815.156  1058.3            
83000.441  1058            
83185.676  1062.4            
83370.86  1065.9            
83555.995  1060.1            
83741.08  1067.9            
83926.115  1058.4            
84111.101  1052.7            
84296.036  1062.8            
84480.922  1059.2            
84665.758  1056.7            
84850.545  1051.4            
85035.281  1058            
85219.968  1056.8            
85404.605  1067.8            
85589.193  1071.5            
85773.731  1062.1            
85958.219  1063.2            
86142.657  1056.6            
86327.046  1053.6            
86511.386  1063.7            
86695.676  1061.5            
86879.916  1066.8            
87064.107  1061.8            
87248.248  1059.9            
87432.34  1061.4            
87616.383  1059.2            
87800.375  1066            
87984.319  1058.5            
88168.213  1063.2            
88352.058  1064.4            
88535.853  1063.2            
88719.599  1062.4            
88903.296  1057.1            
89086.943  1047.9            
89270.541  1053.2            
89454.09  1058.6            
89637.589  1053.3            
89821.039  1067.1            
90004.44  1064.8            
90187.792  1068.5            
90371.094  1066.5            
90554.348  1074.8            
90737.552  1058.1            
90920.707  1052.5            
91103.813  1051.2            
91286.87  1044.9            
91469.877  1042.7            
91652.836  1046.4            
91835.746  1057            
92018.606  1054.4            
92201.418  1049.4            
92384.18  1062.9            
92566.894  1057.7            
92749.558  1055.9            
92932.174  1044            
93114.741  1048.2            
93297.259  1049.9            
93479.727  1058.9            
93662.147  1060.2            
93844.519  1055.3            
94026.841  1064.7            
94209.115  1056.6            
94391.339  1051.5            
94573.515  1063.4            
94755.642  1065.6            
94937.721  1055.6            
95119.751  1057.7            
95301.732  1055.1            
95483.664  1053.7            
95665.547  1054.5            
95847.382  1058            