2627.26  777.59998            
2834.6059  778.40002            
3041.8936  777.90002            
3249.1231  777.79999            
3456.2943  777.20001            
3663.4075  777.09998            
3870.4624  776.40002            
4077.4593  777.20001            
4284.398  777.79999            
4491.2787  777.70001            
4698.1013  777.29999            
4904.8658  778.70001            
5111.5724  779.20001            
5318.2209  780.29999            
5524.8115  784.20001            
5731.3442  791.20001            
5937.8189  799.5            
6144.2357  811.59998            
6350.5947  832.5            
6556.8958  858.29999            
6763.139  900.59998            
6969.3245  954.90002            
7175.4521  1023.7            
7381.522  1094            
7587.5342  1187.7            
7793.4886  1282            
7999.3853  1357            
8205.2243  1411.4            
8411.0057  1430.7            
8616.7295  1441.9            
8822.3956  1461            
9028.0042  1494.4            
9233.5552  1484.5            
9439.0486  1495            
9644.4846  1450.3            
9849.863  1444.3            
10055.184  1436.4            
10260.447  1450.2            
10465.653  1405.1            
10670.802  1413            
10875.893  1405.5            
11080.927  1416.3            
11285.904  1415.6            
11490.823  1402.7            
11695.685  1404.3            
11900.49  1415.5            
12105.237  1406.1            
12309.927  1402.6            
12514.56  1400.1            
12719.136  1418.1            
12923.654  1402.2            
13128.116  1373            
13332.52  1346.2            
13536.867  1330.8            
13741.157  1312.2            
13945.391  1330.2            
14149.567  1330.8            
14353.686  1312.8            
14557.748  1298.9            
14761.753  1313.5            
14965.701  1332.1            
15169.592  1314.6            
15373.426  1316.4            
15577.204  1309.5            
15780.924  1271.1            
15984.588  1259.2            
16188.195  1250.4            
16391.745  1254.9            
16595.238  1245.6            
16798.675  1238.8            
17002.054  1246.9            
17205.378  1213.4            
17408.644  1211.2            
17611.854  1217            
17815.007  1208.8            
18018.103  1195.9            
18221.143  1205.1            
18424.127  1209.4            
18627.053  1197.5            
18829.923  1195.8            
19032.737  1196.5            
19235.494  1204.8            
19438.195  1208.9            
19640.839  1211.2            
19843.427  1190.9            
20045.959  1183.9            
20248.434  1184.1            
20450.853  1172.5            
20653.215  1182.8            
20855.521  1191.7            
21057.771  1193.6            
21259.964  1177.4            
21462.101  1164.5            
21664.182  1151.6            
21866.207  1164.1            
22068.176  1160.7            
22270.088  1156            
22471.945  1134            
22673.745  1139.6            
22875.489  1145.6            
23077.177  1145.9            
23278.809  1146.2            
23480.384  1136.5            
23681.904  1134.2            
23883.368  1127.3            
24084.776  1138.4            
24286.128  1131.1            
24487.424  1121.8            
24688.664  1128.1            
24889.848  1120            
25090.977  1115.8            
25292.049  1115            
25493.066  1119.6            
25694.027  1109.4            
25894.932  1116.3            
26095.781  1119.2            
26296.575  1111.5            
26497.312  1105.9            
26697.994  1125.2            
26898.621  1115.1            
27099.192  1106.9            
27299.707  1116.9            
27500.167  1113.7            
27700.571  1100.7            
27900.919  1099.4            
28101.212  1112            
28301.449  1133.7            
28501.631  1136.8            
28701.757  1132.1            
28901.828  1127.7            
29101.844  1126.9            
29301.804  1125.2            
29501.708  1117.4            
29701.557  1122.1            
29901.351  1123.9            
30101.09  1115.4            
30300.773  1129.1            
30500.401  1140.2            
30699.973  1124.3            
30899.491  1121.4            
31098.953  1130.9            
31298.36  1121.1            
31497.712  1133.5            
31697.008  1132            
31896.25  1125.5            
32095.436  1132.5            
32294.567  1127.8            
32493.643  1131.8            
32692.664  1134.3            
32891.63  1135.8            
33090.541  1136.6            
33289.397  1138.6            
33488.198  1132.4            
33686.944  1136.1            
33885.635  1135.2            
34084.272  1123.8            
34282.853  1126.5            
34481.379  1132.9            
34679.851  1137            
34878.267  1131            
35076.629  1126.4            
35274.936  1141.1            
35473.189  1142.3            
35671.386  1131.6            
35869.529  1131.2            
36067.617  1144.7            
36265.651  1140.2            
36463.629  1146.7            
36661.554  1141.8            
36859.423  1140.7            
37057.238  1147.2            
37254.998  1150.8            
37452.704  1133.1            
37650.355  1135.5            
37847.952  1139.9            
38045.494  1135.2            
38242.982  1129.5            
38440.415  1134.9            
38637.794  1147.1            
38835.118  1142.2            
39032.388  1127.8            
39229.603  1130.7            
39426.765  1142.9            
39623.872  1145.8            
39820.924  1139.3            
40017.922  1122.1            
40214.866  1126.9            
40411.756  1144.4            
40608.592  1146.2            
40805.373  1132.8            
41002.1  1119.5            
41198.773  1137.4            
41395.391  1131.3            
41591.956  1129.7            
41788.467  1133.6            
41984.923  1145.7            
42181.325  1161.3            
42377.674  1154.7            
42573.968  1152.4            
42770.208  1148.7            
42966.394  1130.4            
43162.527  1130            
43358.605  1132.6            
43554.629  1149.4            
43750.6  1159.8            
43946.516  1134            
44142.379  1140.6            
44338.188  1152.9            
44533.943  1140.1            
44729.644  1148.5            
44925.292  1160.3            
45120.885  1164            
45316.425  1151.8            
45511.912  1155.6            
45707.344  1137.6            
45902.723  1138.7            
46098.048  1136.9            
46293.32  1139.8            
46488.537  1152            
46683.702  1165.7            
46878.812  1157.3            
47073.87  1165.3            
47268.873  1172.1            
47463.823  1174.9            
47658.72  1182.5            
47853.563  1176            
48048.352  1180.7            
48243.089  1187.3            
48437.771  1187            
48632.401  1186.4            
48826.977  1185.1            
49021.499  1195.4            
49215.968  1192            
49410.384  1178.2            
49604.747  1181.7            
49799.056  1180.3            
49993.312  1190.1            
50187.515  1191.8            
50381.665  1176.2            
50575.761  1193.3            
50769.804  1203            
50963.795  1213.2            
51157.731  1212.6            
51351.615  1201.2            
51545.446  1203.5            
51739.224  1215.5            
51932.948  1207.7            
52126.62  1197.8            
52320.238  1219.3            
52513.803  1235.3            
52707.316  1222.1            
52900.776  1222.8            
53094.182  1213.9            
53287.536  1215.9            
53480.836  1209.5            
53674.084  1217.5            
53867.279  1229.6            
54060.421  1223.9            
54253.511  1217.4            
54446.547  1229.8            
54639.531  1220            
54832.462  1217            
55025.34  1230.9            
55218.166  1231.5            
55410.939  1241.3            
55603.659  1223.3            
55796.326  1224.8            
55988.941  1226.8            
56181.503  1233.6            
56374.013  1232.8            
56566.47  1238.9            
56758.874  1242.7            
56951.226  1252.9            
57143.525  1256.8            
57335.772  1248.5            
57527.966  1247.5            
57720.108  1246.1            
57912.198  1241.2            
58104.235  1256.9            
58296.219  1261            
58488.151  1245.6            
58680.031  1245.7            
58871.859  1261.8            
59063.634  1276            
59255.356  1258.9            
59447.027  1249.4            
59638.645  1242.8            
59830.211  1253.9            
60021.725  1289.9            
60213.186  1278.6            
60404.596  1298.7            
60595.953  1281.8            
60787.258  1303.2            
60978.511  1292.6            
61169.711  1285.6            
61360.86  1298.5            
61551.957  1296.9            
61743.001  1312.8            
61933.994  1311.6            
62124.934  1294            
62315.822  1306.6            
62506.659  1320.4            
62697.443  1327.9            
62888.176  1310.2            
63078.857  1318.5            
63269.485  1303            
63460.062  1274.9            
63650.587  1311.5            
63841.06  1308.2            
64031.482  1307.4            
64221.851  1292            
64412.169  1309.1            
64602.435  1310.1            
64792.649  1290.5            
64982.811  1273.3            
65172.922  1261.6            
65362.981  1257.4            
65552.988  1264.5            
65742.944  1256.7            
65932.848  1231.7            
66122.701  1224.1            
66312.501  1218.4            
66502.251  1213.1            
66691.949  1195.9            
66881.595  1181.7            
67071.189  1184.2            
67260.733  1173            
67450.224  1165            
67639.664  1175.5            
67829.053  1150.4            
68018.391  1127.6            
68207.677  1120.4            
68396.911  1134.4            
68586.094  1143            
68775.226  1131            
68964.307  1132.8            
69153.336  1127.3            
69342.314  1124.9            
69531.24  1135.3            
69720.116  1108.1            
69908.94  1108.2            
70097.713  1113.5            
70286.435  1110.8            
70475.105  1111.6            
70663.725  1104.2            
70852.293  1120.5            
71040.81  1119.9            
71229.276  1099.5            
71417.691  1109            
71606.055  1112.9            
71794.368  1108.1            
71982.63  1095.2            
72170.841  1099.9            
72359.001  1102.6            
72547.109  1086.8            
72735.167  1104.2            
72923.174  1103            
73111.131  1092.5            
73299.036  1086.6            
73486.89  1101.2            
73674.694  1099.3            
73862.446  1094.6            
74050.148  1083.3            
74237.799  1078.7            
74425.399  1086.8            
74612.949  1091            
74800.447  1091.2            
74987.896  1093.9            
75175.293  1105.4            
75362.639  1094.6            
75549.935  1090.2            
75737.181  1081.5            
75924.375  1091.7            
76111.519  1099.5            
76298.613  1091.9            
76485.656  1076.2            
76672.648  1083.7            
76859.59  1087.4            
77046.481  1081.8            
77233.322  1089.9            
77420.112  1088.9            
77606.852  1112.3            
77793.542  1096.8            
77980.181  1077.1            
78166.769  1085.2            
78353.308  1081.9            
78539.795  1082.2            
78726.233  1095.5            
78912.62  1076            
79098.957  1075.1            
79285.243  1076.9            
79471.48  1072.3            
79657.666  1084.8            
79843.801  1071.5            
80029.887  1075.3            
80215.922  1075.9            
80401.907  1081.9            
80587.842  1077            
80773.727  1064.3            
80959.562  1065.5            
81145.347  1064.3            
81331.081  1064.7            
81516.766  1080.5            
81702.4  1075            
81887.984  1053.7            
82073.519  1065.1            
82259.003  1068            
82444.438  1078.3            
82629.822  1078.1            
82815.156  1074.8            
83000.441  1076.8            
83185.676  1082.3            
83370.86  1072.5            
83555.995  1073.4            
83741.08  1079.2            
83926.115  1082            
84111.101  1078.2            
84296.036  1084.9            
84480.922  1076.9            
84665.758  1074.9            
84850.545  1074.7            
85035.281  1075.4            
85219.968  1078.2            
85404.605  1080.2            
85589.193  1084.5            
85773.731  1078.5            
85958.219  1090            
86142.657  1076.6            
86327.046  1065.1            
86511.386  1077.3            
86695.676  1077            
86879.916  1082            
87064.107  1081.7            
87248.248  1076.5            
87432.34  1084.6            
87616.383  1073.7            
87800.375  1083.2            
87984.319  1073.8            
88168.213  1072.1            
88352.058  1078.9            
88535.853  1075.8            
88719.599  1074.5            
88903.296  1072.3            
89086.943  1064.3            
89270.541  1071            
89454.09  1074.3            
89637.589  1079.4            
89821.039  1084.9            
90004.44  1078.5            
90187.792  1084.4            
90371.094  1088.3            
90554.348  1086.8            
90737.552  1073.6            
90920.707  1064.8            
91103.813  1067.2            
91286.87  1058.4            
91469.877  1059.4            
91652.836  1062.5            
91835.746  1068.7            
92018.606  1076.3            
92201.418  1073.2            
92384.18  1079.3            
92566.894  1073            
92749.558  1068.9            
92932.174  1069.3            
93114.741  1067.7            
93297.259  1073.1            
93479.727  1073            
93662.147  1073            
93844.519  1075            
94026.841  1083.2            
94209.115  1072.8            
94391.339  1072.7            
94573.515  1079.6            
94755.642  1078.3            
94937.721  1066.7            
95119.751  1072.4            
95301.732  1076.7            
95483.664  1068.6            
95665.547  1072.2            
95847.382  1065            
96029.169  1066.3            
96210.906  1069.4            
96392.596  1060            
96574.236  1055.5            
96755.828  1087            
96937.371  1078.4           