22.20             
x       y           
[m<sup>-1</sup>]     [CCD cts]         
6659.5475  782.40002            
6758.1368  782.40002            
6856.713  782.59998            
6955.276  783.09998            
7053.8258  782.40002            
7152.3625  782.90002            
7250.886  782.29999            
7349.3965  782.5            
7447.8937  782.59998            
7546.3779  782.09998            
7644.8489  782.40002            
7743.3067  782.79999            
7841.7515  782.70001            
7940.183  782.5            
8038.6015  782.90002            
8137.0068  782.5            
8235.3991  783.20001            
8333.7781  783.20001            
8432.1441  782.79999            
8530.4969  782.09998            
8628.8366  783.09998            
8727.1632  783.5            
8825.4767  782.79999            
8923.777  782.70001            
9022.0643  783.09998            
9120.3384  784.09998            
9218.5994  783.90002            
9316.8473  783.90002            
9415.0821  783.70001            
9513.3038  785.5            
9611.5123  786            
9709.7078  787.70001            
9807.8902  792.40002            
9906.0594  800.40002            
10004.216  816.09998            
10102.359  845.40002            
10200.489  898.5            
10298.605  970.59998            
10396.709  1041.5            
10494.8  1078.9            
10592.878  1076.3            
10690.942  1053.1            
10788.993  1026.4            
10887.032  1007.8            
10985.057  992.09998            
11083.069  992.59998            
11181.068  997.5            
11279.054  1005.1            
11377.027  1007.8            
11474.987  1019.7            
11572.934  1032.5            
11670.867  1055.4            
11768.788  1080.4            
11866.695  1061.1            
11964.59  1055.9            
12062.471  1058.3            
12160.34  1055.6            
12258.195  1057.1            
12356.037  1037.9            
12453.866  1031.1            
12551.682  1036.1            
12649.485  1027.3            
12747.275  1017.6            
12845.052  1010.4            
12942.816  1017.9            
13040.566  1019.5            
13138.304  1015.7            
13236.029  1017.3            
13333.74  1019.1            
13431.439  1009.6            
13529.124  1004.4            
13626.797  1014.9            
13724.456  1015.7            
13822.103  1015.3            
13919.736  1016.3            
14017.356  1019            
14114.964  1010.8            
14212.558  1011.6            
14310.139  1019.7            
14407.707  1028.8            
14505.262  1038.3            
14602.804  1049.8            
14700.333  1056.8            
14797.849  1052            
14895.352  1050.3            
14992.842  1065.3            
15090.319  1073            
15187.783  1062.9            
15285.234  1055            
15382.672  1046            
15480.097  1033            
15577.509  1024.3            
15674.908  1023.2            
15772.293  1019.7            
15869.666  1012.3            
15967.026  1000.4            
16064.373  979.70001            
16161.707  975.70001            
16259.027  972.09998            
16356.335  976.20001            
16453.63  979.59998            
16550.912  983.90002            
16648.181  985.40002            
16745.436  975.79999            
16842.679  967.79999            
16939.909  970.5            
17037.126  964.20001            
17134.329  965.29999            
17231.52  963.20001            
17328.698  966.79999            
17425.863  970.79999            
17523.015  972.70001            
17620.154  961.09998            
17717.279  961.09998            
17814.392  959.90002            
17911.492  964.29999            
18008.579  958.20001            
18105.653  953.09998            
18202.714  964.5            
18299.762  963.59998            
18396.797  961.20001            
18493.819  957.59998            
18590.828  964            
18687.824  961.09998            
18784.807  957.29999            
18881.778  960.70001            
18978.735  960.29999            
19075.679  963.70001            
19172.61  966.70001            
19269.529  966.29999            
19366.434  970.20001            
19463.326  973            
19560.206  973.5            
19657.072  974.5            
19753.926  974.09998            
19850.766  977            
19947.594  979.29999            
20044.409  974.59998            
20141.211  977            
20237.999  980.70001            
20334.775  977.59998            
20431.538  973.59998            
20528.288  978.79999            
20625.025  980.59998            
20721.749  979.70001            
20818.46  976.90002            
20915.159  977.90002            
21011.844  983.29999            
21108.516  986            
21205.176  976.40002            
21301.822  983.90002            
21398.456  989.40002            
21495.076  992.29999            
21591.684  991.40002            
21688.279  998.20001            
21784.861  993.20001            
21881.43  985.70001            
21977.986  980.5            
22074.529  981.29999            
22171.059  976.20001            
22267.576  975            
22364.081  963.79999            
22460.572  963.59998            
22557.051  965            
22653.516  962.20001            
22749.969  959.90002            
22846.409  947.5            
22942.836  950.09998            
23039.25  946.29999            
23135.651  937.09998            
23232.039  934.09998            
23328.415  939.09998            
23424.777  941.70001            
23521.126  933.09998            
23617.463  937            
23713.787  935.70001            
23810.098  928.20001            
23906.396  924.5            
24002.681  923.90002            
24098.953  924.90002            
24195.212  930.5            
24291.459  921            
24387.692  920.70001            
24483.913  917.90002            
24580.121  915.29999            
24676.315  916.79999            
24772.497  914.29999            
24868.667  909.09998            
24964.823  913.09998            
25060.966  914.59998            
25157.097  915.09998            
25253.214  915.79999            
25349.319  913.90002            
25445.411  915.79999            
25541.49  912.29999            
25637.556  906.20001            
25733.61  908.5            
25829.65  911.09998            
25925.678  910            
26021.693  908.70001            
26117.695  906.70001            
26213.684  900            
26309.66  905.09998            
26405.623  909.59998            
26501.574  908.90002            
26597.511  906.59998            
26693.436  909.09998            
26789.348  905.79999            
26885.247  905.79999            
26981.133  907.79999            
27077.007  907            
27172.867  906.40002            
27268.715  906.20001            
27364.55  906.29999            
27460.372  904.59998            
27556.181  904.79999            
27651.978  903.79999            
27747.761  907.40002            
27843.532  904.59998            
27939.29  900.70001            
28035.035  900.5            
28130.767  902.70001            
28226.487  901.40002            
28322.193  900.59998            
28417.887  908            
28513.568  908.29999            
28609.236  905.29999            
28704.892  905.5            
28800.534  903            
28896.164  902.20001            
28991.781  903.40002            
29087.385  908.09998            
29182.976  905.90002            
29278.555  902.5            
29374.12  906.5            
29469.673  906.79999            
29565.213  910.40002            
29660.74  907.29999            
29756.255  904.20001            
29851.757  901.29999            
29947.245  901.29999            
30042.721  909.40002            
30138.185  901.70001            
30233.635  907            
30329.073  906.59998            
30424.498  903.70001            
30519.91  905.40002            
30615.309  900.40002            
30710.696  901.59998            
30806.069  902.5            
30901.43  901.20001            
30996.779  900.90002            
31092.114  903.29999            
31187.437  902.90002            
31282.746  903.59998            
31378.044  904.20001            
31473.328  901.79999            
31568.599  903.5            
31663.858  899.90002            
31759.104  908.40002            
31854.337  902.90002            
31949.558  906.20001            
32044.765  910.70001            
32139.96  907            
32235.142  906.90002            
32330.312  903.79999            
32425.469  910.40002            
32520.612  907.59998            
32615.743  902.90002            
32710.862  903.40002            
32805.967  901.40002            
32901.06  905.40002            
32996.14  898.5            
33091.208  901            
33186.262  905.5            
33281.304  905.20001            
33376.333  899.79999            
33471.35  905.09998            
33566.353  899.5            
33661.344  902.79999            
33756.322  900.59998            
33851.288  900.20001            
33946.24  903.90002            
34041.18  906.59998            
34136.108  900.59998            
34231.022  901.29999            
34325.924  897.09998            
34420.813  902.70001            
34515.689  900            
34610.553  901.90002            
34705.403  904.09998            
34800.242  901.40002            
34895.067  900            
34989.88  897.70001            
35084.68  899.09998            
35179.467  897.20001            
35274.241  896.20001            
35369.003  902.29999            
35463.752  901.90002            
35558.489  899.79999            
35653.212  898.79999            
35747.923  902.5            
35842.621  905.70001            
35937.307  903.09998            
36031.98  901.5            
36126.64  903.40002            
36221.287  897.79999            
36315.922  900.40002            
36410.544  901.59998            
36505.153  901            
36599.75  907.20001            
36694.334  903.20001            
36788.905  900.90002            
36883.464  898.09998            
36978.01  902.20001            
37072.543  899.5            
37167.063  902.20001            
37261.571  900.90002            
37356.066  905.59998            
37450.549  906.90002            
37545.018  907.59998            
37639.475  906.5            
37733.92  907.40002            
37828.352  908.5            
37922.771  910.20001            
38017.177  907.59998            
38111.571  903.09998            
38205.952  909.70001            
38300.32  905.09998            
38394.676  902.79999            
38489.019  902.59998            
38583.349  906.29999            
38677.667  904.29999            
38771.972  904.09998            
38866.264  907.09998            
38960.544  907.20001            
39054.811  909.29999            
39149.065  909.20001            
39243.307  904.70001            
39337.536  913.20001            
39431.753  913.70001            
39525.956  908.5            
39620.147  908.70001            
39714.326  910.70001            
39808.492  911.59998            
39902.645  911.29999            
39996.785  915.90002            
40090.913  911.40002            
40185.029  912.29999            
40279.131  912.90002            
40373.221  911            
40467.299  912.20001            
40561.363  911.90002            
40655.415  915.20001            
40749.455  913.5            
40843.482  911.29999            
40937.496  910.5            
41031.497  913.09998            
41125.486  916.20001            
41219.462  915.09998            
41313.426  913.29999            
41407.377  914.59998            
41501.316  918.5            
41595.241  914.5            
41689.155  914.70001            
41783.055  917.20001            
41876.943  916            
41970.818  919.40002            
42064.681  919.90002            
42158.531  914.90002            
42252.369  919.29999            
42346.194  916.09998            
42440.006  921.29999            
42533.806  920.20001            
42627.593  919.29999            
42721.367  916            
42815.129  915.20001            
42908.878  913.5            
43002.615  918.79999            
43096.339  918.59998            
43190.051  916.90002            
43283.75  918.59998            
43377.436  918.29999            
43471.11  918.79999            
43564.771  917.20001            
43658.419  917.90002            
43752.055  925.20001            
43845.679  920.20001            
43939.289  916            
44032.888  914.20001            
44126.473  912.70001            
44220.046  915.59998            
44313.607  912.5            
44407.155  916.79999            
44500.69  913.20001            
44594.213  915.70001            
44687.723  920.09998            
44781.22  919.79999            
44874.705  914.79999            
44968.178  916.5            
45061.638  915.90002            
45155.085  914.40002            
45248.52  914.59998            
45341.942  913.40002            
45435.352  914.40002            
45528.749  909.20001            
45622.133  917.40002            
45715.505  917.70001            
45808.865  913.20001            
45902.211  911.29999            
45995.546  914.09998            
46088.867  918            
46182.177  919.70001            
46275.473  919.79999            
46368.757  919.20001            
46462.029  914.70001            
46555.288  918.09998            
46648.534  920.70001            
46741.768  918            
46834.99  916.79999            
46928.199  919.90002            
47021.395  924.20001            
47114.579  925.29999            
47207.75  924.59998            
47300.909  920.29999            
47394.055  920.79999            
47487.189  923.40002            
47580.31  918.79999            
47673.418  921.20001            
47766.514  922.29999            
47859.598  923.09998            
47952.669  927.09998            
48045.727  927.79999            
48138.773  933            
48231.807  923.79999            
48324.828  922.5            
48417.836  923.79999            
48510.832  933.20001            
48603.816  928.5            
48696.787  924.29999            
48789.745  926.79999            
48882.691  923.70001            
48975.624  922.70001            
49068.545  927.29999            
49161.453  933.29999            
49254.349  938.5            
49347.233  935.29999            
49440.104  939.09998            
49532.962  942.5            
49625.808  939.20001            
49718.641  934            
49811.462  936.5            
49904.27  937.5            
49997.066  936.59998            
50089.85  943            
50182.621  945.09998            
50275.379  943.09998            
50368.125  945.59998            
50460.858  942.59998            
50553.579  944.70001            
50646.288  945.90002            
50738.984  948.79999            
50831.668  947.40002            
50924.339  945.70001            
51016.997  952.5            
51109.643  948.79999            
51202.277  951.59998            
51294.898  950.79999            
51387.507  952.09998            
51480.103  952.09998            
51572.687  944            
51665.258  943.40002            
51757.817  949            
51850.363  952            
51942.897  952.20001            
52035.419  951.79999            
52127.928  957.20001            
52220.424  955.90002            
52312.908  957            
52405.38  954.29999            
52497.839  955.09998            
52590.286  959.5            
52682.72  951.29999            
52775.142  956.09998            
52867.551  953.79999            
52959.948  955            
53052.333  962.20001            
53144.705  961.79999            
53237.064  958.59998            
53329.412  959.20001            
53421.746  961.59998            
53514.069  966.59998            
53606.378  955.40002            
53698.676  953.5            
53790.961  954.79999            
53883.233  958            
53975.494  955.20001            
54067.741  956.70001            
54159.976  953.5            
54252.199  951.20001            
54344.41  950.90002            
54436.608  957.40002            
54528.793  955.90002            
54620.966  948.79999            
54713.127  954.20001            
54805.276  953.29999            
54897.411  948            
54989.535  943.70001            
55081.646  943.90002            
55173.745  950.09998            
55265.831  946.40002            
55357.905  943.40002            
55449.966  945.70001            
55542.015  944.5            
55634.052  945.29999            
55726.076  950.20001            
55818.088  949.70001            
55910.087  944.40002            
56002.074  946.59998            
56094.049  946.09998            
56186.011  947.59998            
56277.961  945.40002            
56369.899  946.70001            
56461.824  949            
56553.736  947.79999            
56645.637  944.09998            
56737.524  942.40002            
56829.4  945.40002            
56921.263  943.5            
57013.114  943            
57104.952  941.29999            
57196.778  941.59998            
57288.592  946.20001            
57380.393  948.29999            
57472.182  950.90002            
57563.958  951.29999            
57655.722  951.20001            
57747.474  945.29999            
57839.213  944.79999            
57930.94  944.70001            
58022.655  945.59998            
58114.357  948            
58206.047  944.59998            
58297.725  951            
58389.39  951.70001            
58481.042  944.90002            
58572.683  949.59998            
58664.311  952.79999            
58755.927  952.79999            
58847.53  954            
58939.121  958.40002            
59030.7  951.5            
59122.266  951.09998            
59213.82  955.40002            
59305.362  955.40002            
59396.891  952            
59488.408  952.79999            
59579.912  961.5            
59671.405  959.40002            
59762.884  955            
59854.352  958.79999            
59945.807  968.90002            
60037.25  961.09998            
60128.681  959            
60220.099  968.59998            
60311.505  965.70001            
60402.898  959.40002            
60494.279  954.59998            
60585.648  965.09998            
60677.005  971.29999            
60768.349  965.20001            
60859.681  964.59998            
60951  968.90002            
61042.308  967.09998            
61133.603  961.5            
61224.885  970.5            
61316.156  974.59998            
61407.414  980.70001            
61498.659  974.09998            
61589.893  975.5            
61681.114  979            
61772.322  975.79999            
61863.519  972.90002            
61954.703  971.70001            
62045.875  976.5            
62137.034  979.59998            
62228.181  982.5            
62319.316  976.79999            
62410.439  979.90002            
62501.549  986            
62592.647  988.29999            
62683.733  993.20001            
62774.806  993.29999            
62865.868  991.79999            
62956.916  991            
63047.953  981.29999            
63138.977  984.5            
63229.989  991.79999            
63320.989  990            
63411.976  989.20001            
63502.951  991.5            
63593.914  987.09998            
63684.865  993.20001            
63775.803  989.59998            
63866.729  994            
63957.643  994.70001            
64048.544  989.90002            
64139.433  989.90002            
64230.31  995.09998            
64321.175  988.5            
64412.027  987.40002            
64502.867  991.79999            
64593.695  982.79999            
64684.511  983.09998            
64775.314  987.29999            
64866.105  982.29999            
64956.884  978.5            
65047.65  977.79999            
65138.404  970            
65229.146  966.29999            
65319.876  961            
65410.594  958.09998            
65501.299  958.59998            
65591.992  957.5            
65682.673  952.59998            
65773.341  957.29999            
65863.997  947.79999            
65954.641  946.5            
66045.273  937.70001            
66135.892  939            
66226.5  943.20001            
66317.095  938.90002            
66407.677  933.79999            
66498.248  929.59998            
66588.806  928            
66679.352  924.59998            
66769.886  924.29999            
66860.408  920.40002            
66950.917  921.70001            
67041.414  918.79999            
67131.899  924.09998            
67222.372  920.29999            
67312.832  917.29999            
67403.281  920.5            
67493.717  920            
67584.14  922.70001            
67674.552  921.20001            
67764.951  918.59998            
67855.339  917.40002            
67945.713  916.59998            
68036.076  913            
68126.427  914.59998            
68216.765  912.20001            
68307.091  909.70001            
68397.405  915.09998            
68487.707  918.09998            
68577.996  917.20001            
68668.273  914.20001            
68758.538  914.79999            
68848.791  916.20001            
68939.032  913.09998            
69029.26  914.5            
69119.477  917.20001            
69209.681  917.09998            
69299.872  923.5            
69390.052  913.29999            
69480.22  917.09998            
69570.375  911            
69660.518  908.59998            
69750.649  907.79999            
69840.768  912.79999            
69930.874  906.09998            
70020.969  908.40002            
70111.051  903.20001            
70201.121  904.79999            
70291.179  907.90002            
70381.224  903.70001            
70471.258  901.79999            
70561.279  905.70001            
70651.288  900.29999            
70741.285  905.29999            
70831.27  902.90002            
70921.242  903.70001            
71011.203  905.29999            
71101.151  903.29999            
71191.087  905.40002            
71281.011  902.29999            
71370.923  899.90002            
71460.823  898            
71550.71  896.40002            
71640.585  897.20001            
71730.448  902.40002            
71820.299  902.5            
71910.138  900.59998            
71999.965  895.20001            
72089.78  895            
72179.582  899.5            
72269.372  901.59998            
72359.15  899.09998            
72448.916  893            
72538.67  900.59998            
72628.412  894            
72718.141  900.90002            
72807.859  897.59998            
72897.564  895.29999            
72987.257  897.79999            
73076.938  896.5            
73166.607  893.5            
73256.263  893.20001            
73345.908  890.90002            
73435.54  895.59998            
73525.161  895.59998            
73614.769  893            
73704.365  893.29999            
73793.949  893.40002            
73883.521  892.29999            
73973.08  883.90002            
74062.628  894            
74152.163  896.29999            
74241.687  891.90002            
74331.198  894.90002            
74420.697  894.20001            
74510.184  894.70001            
74599.659  889.90002            
74689.121  896.79999            
74778.572  895            
74868.011  891.40002            
74957.437  889.29999            
75046.851  893.79999            
75136.254  890.70001            
75225.644  892.59998            
75315.022  897.90002            
75404.388  893            
75493.741  891.79999            
75583.083  889.70001            
75672.413  893.90002            
75761.73  897.29999            
75851.036  891.59998            
75940.329  889.5            
76029.61  888.40002            
76118.879  887.79999            
76208.136  887.40002            
76297.381  888.90002            
76386.614  889.09998            
76475.835  886.5            
76565.044  888.59998            
76654.241  888.5            
76743.425  887.29999            
76832.598  884.09998            
76921.758  883.59998            
77010.906  888.09998            
77100.043  885.29999            
77189.167  882.59998            
77278.279  883.40002            
77367.379  888.5            
77456.467  888.09998            
77545.543  885.5            
77634.607  885.79999            
77723.659  887.20001            
77812.698  886.70001            
77901.726  887.40002            
77990.742  884.59998            
78079.745  887.20001            
78168.737  880.90002            
78257.716  881.40002            
78346.683  886.5            
78435.639  886.40002            
78524.582  881.5            
78613.513  884.90002            
78702.432  884            
78791.34  891.20001            
78880.235  890.5            
78969.118  885.20001            
79057.989  881.20001            
79146.848  883.59998            
79235.695  886.70001            
79324.529  883.59998            
79413.352  882.5            
79502.163  889.40002            
79590.962  889            
79679.749  886.29999            
79768.523  884.79999            
79857.286  881.40002            
79946.037  888.09998            
80034.775  888.20001            
80123.502  883.09998            
80212.216  880.40002            
80300.919  882.40002            
80389.609  886.5            
80478.288  889.29999            
80566.954  888            
80655.609  885.59998            
80744.251  881.09998            
80832.882  881.40002            
80921.5  885.09998            
81010.106  889.29999            
81098.701  886.79999            
81187.283  889.20001            
81275.853  886.70001            
81364.412  886.29999            
81452.958  884.90002            
81541.492  885.40002            
81630.015  883.5            
81718.525  881.20001            
81807.023  880.79999            
81895.51  882.40002            
81983.984  879.70001            
82072.446  884.29999            
82160.897  884.40002            
82249.335  880.79999            
82337.761  882.90002            
82426.176  885.5            
82514.578  885.40002            
82602.968  882.59998            
82691.347  880.20001            
82779.713  884.5            
82868.068  884.20001            
82956.41  878.09998            
83044.74  874.90002            
83133.059  879.09998            
83221.365  881.20001            
83309.66  884.70001            
83397.943  888.90002            
83486.213  882.70001            
83574.472  881.70001            
83662.718  881.79999            
83750.953  880.5            
83839.176  878.59998            
83927.386  877.79999            
84015.585  878.59998            
84103.772  878            
84191.947  883.70001            
84280.109  882.59998            
84368.26  878.70001            
84456.399  877.29999            
84544.526  880.09998            
84632.641  881.90002            
84720.744  879.70001            
84808.835  880.09998            
84896.915  880.09998            
84984.982  877.09998            
85073.037  880.90002            
85161.08  877.5            
85249.112  877.5            
85337.131  875.79999            
85425.138  878.59998            
85513.134  887.90002            
85601.118  880.90002            
85689.089  878.59998            
85777.049  875.90002            
85864.997  879.90002            
85952.932  873            
86040.856  878            
86128.768  877.79999            
86216.668  877.59998            
86304.556  875.20001            
86392.433  872            
86480.297  874.70001            
86568.149  873.20001            
86655.989  873.90002            
86743.818  879.70001            
86831.634  878.40002            
86919.439  874            
87007.232  871.90002            
87095.012  877.29999            
87182.781  873.40002            
87270.538  873.09998            
87358.283  877.59998            
87446.016  878.29999            
87533.737  880.90002            
87621.447  875            
87709.144  876            
87796.83  877.70001            
87884.503  878.59998            
87972.165  873.40002            
