24.20             
x       y           
[m<sup>-1</sup>]     [CCD cts]         
7233.1346  784.79999            
7331.452  785.5            
7429.7562  785.5            
7528.0472  785.40002            
7626.325  785.70001            
7724.5896  785.59998            
7822.8411  784.40002            
7921.0794  785.20001            
8019.3045  784.90002            
8117.5164  785.79999            
8215.7151  785.79999            
8313.9007  785.59998            
8412.0731  785.79999            
8510.2323  785.90002            
8608.3783  785.5            
8706.5112  785.5            
8804.6309  785.59998            
8902.7374  785.20001            
9000.8308  786.5            
9098.911  785.5            
9196.9781  786.20001            
9295.032  786.09998            
9393.0727  786.40002            
9491.1003  787.70001            
9589.1147  788            
9687.116  790.29999            
9785.1041  794.5            
9883.0791  798.40002            
9981.0409  808.40002            
10078.99  833.20001            
10176.925  878.20001            
10274.847  948            
10372.757  1023.4            
10470.653  1085.9            
10568.536  1114.9            
10666.406  1090.9            
10764.262  1060.8            
10862.106  1048.2            
10959.936  1026            
11057.753  1016.6            
11155.558  1021            
11253.349  1024.3            
11351.126  1028.1            
11448.891  1047.6            
11546.643  1075.1            
11644.381  1077            
11742.107  1086.3            
11839.819  1093.2            
11937.518  1100.5            
12035.204  1109.3            
12132.877  1111            
12230.537  1101.3            
12328.184  1075.1            
12425.817  1074.9            
12523.438  1073.8            
12621.045  1072.7            
12718.639  1058.3            
12816.22  1046.5            
12913.788  1050.4            
13011.343  1057            
13108.885  1057.7            
13206.414  1060.3            
13303.93  1054            
13401.432  1049.3            
13498.922  1054.2            
13596.398  1048.9            
13693.861  1055            
13791.311  1063            
13888.748  1051.3            
13986.172  1053.4            
14083.583  1064.5            
14180.981  1058.8            
14278.366  1061.1            
14375.738  1069            
14473.096  1071.7            
14570.442  1072.6            
14667.774  1070.1            
14765.093  1082.8            
14862.4  1087.8            
14959.693  1101.4            
15056.973  1100.4            
15154.24  1107.5            
15251.494  1101.1            
15348.735  1092.2            
15445.963  1073.9            
15543.178  1054.3            
15640.379  1053.5            
15737.568  1047.1            
15834.744  1047.8            
15931.906  1036.7            
16029.056  1032.1            
16126.192  1031.9            
16223.315  1032.1            
16320.426  1027.4            
16417.523  1018.3            
16514.607  1020.7            
16611.679  1013.8            
16708.737  1013.8            
16805.782  1005.9            
16902.814  1009.6            
16999.833  1015            
17096.839  1014.6            
17193.832  1010.3            
17290.812  1004.4            
17387.779  1002            
17484.732  996.20001            
17581.673  1003            
17678.601  997.59998            
17775.516  992.59998            
17872.418  996.40002            
17969.306  989.40002            
18066.182  995.40002            
18163.045  987.90002            
18259.894  990.40002            
18356.731  988.40002            
18453.554  992.70001            
18550.365  993.09998            
18647.162  986            
18743.947  990.5            
18840.719  992.29999            
18937.477  999.5            
19034.223  997.20001            
19130.955  994            
19227.675  995.09998            
19324.381  996.40002            
19421.075  1002.7            
19517.755  1002.8            
19614.423  1002.2            
19711.077  1008            
19807.718  1009.3            
19904.347  1009.4            
20000.962  1009.3            
20097.565  1011.4            
20194.154  999.20001            
20290.731  999.09998            
20387.295  1005.3            
20483.845  1003.7            
20580.383  1008.4            
20676.907  1011.8            
20773.419  1007.4            
20869.917  1012.4            
20966.403  1012.6            
21062.876  1007.5            
21159.335  1013.9            
21255.782  1020.5            
21352.216  1015.2            
21448.637  1011            
21545.044  1011.1            
21641.439  1017.9            
21737.821  1023.6            
21834.19  1022.9            
21930.546  1014.1            
22026.889  1005.6            
22123.219  1015.2            
22219.536  1007.3            
22315.84  1010.9            
22412.131  1003.8            
22508.409  999.70001            
22604.674  987.5            
22700.927  988.40002            
22797.166  984.70001            
22893.392  977.29999            
22989.606  976.70001            
23085.806  973.79999            
23181.994  968.09998            
23278.168  967.79999            
23374.33  970.5            
23470.479  971.79999            
23566.614  962.70001            
23662.737  960.59998            
23758.847  965            
23854.944  959.20001            
23951.028  965.5            
24047.099  964.59998            
24143.157  956.5            
24239.202  957.40002            
24335.235  954.40002            
24431.254  948.5            
24527.26  946            
24623.254  940.70001            
24719.235  944.20001            
24815.202  943.40002            
24911.157  942.5            
25007.099  949.29999            
25103.028  948.09998            
25198.944  943.20001            
25294.847  933            
25390.737  932.79999            
25486.614  936.90002            
25582.479  937.40002            
25678.33  936.59998            
25774.169  934.90002            
25869.994  935.29999            
25965.807  933.90002            
26061.607  935.20001            
26157.394  931.79999            
26253.168  937.70001            
26348.929  936.59998            
26444.677  935.5            
26540.413  939.40002            
26636.135  939.40002            
26731.845  938.79999            
26827.541  938            
26923.225  931.5            
27018.896  926.29999            
27114.554  931.79999            
27210.199  937.5            
27305.832  931.70001            
27401.451  934.20001            
27497.058  932.29999            
27592.651  926.90002            
27688.232  928            
27783.8  927.70001            
27879.355  927.79999            
27974.897  927.5            
28070.426  930.59998            
28165.943  932.70001            
28261.446  930.40002            
28356.937  929.70001            
28452.415  930.20001            
28547.88  935.40002            
28643.332  929.5            
28738.771  929.90002            
28834.197  932.09998            
28929.611  931.09998            
29025.011  931.79999            
29120.399  936.29999            
29215.774  936.20001            
29311.136  935.29999            
29406.486  930.40002            
29501.822  928.20001            
29597.146  933.09998            
29692.456  935.20001            
29787.754  935.20001            
29883.039  936.59998            
29978.311  933.70001            
30073.571  927.59998            
30168.817  928.40002            
30264.051  929.59998            
30359.272  928.59998            
30454.48  932.40002            
30549.675  933.59998            
30644.857  931.29999            
30740.027  930.70001            
30835.184  936.29999            
30930.327  929.40002            
31025.458  926.79999            
31120.577  928.70001            
31215.682  928.40002            
31310.775  932            
31405.854  924.70001            
31500.921  927.70001            
31595.976  933.90002            
31691.017  932.70001            
31786.045  929.79999            
31881.061  924.40002            
31976.064  931.29999            
32071.054  929.70001            
32166.031  927.90002            
32260.996  927.59998            
32355.948  930.70001            
32450.886  931.70001            
32545.812  929.29999            
32640.726  925.90002            
32735.626  930.20001            
32830.514  929.70001            
32925.389  928.29999            
33020.251  928.70001            
33115.1  921.70001            
33209.937  930.09998            
33304.76  932.29999            
33399.571  923.40002            
33494.369  922.09998            
33589.155  927            
33683.927  917.70001            
33778.687  920.20001            
33873.434  924.90002            
33968.169  923.79999            
34062.89  925.40002            
34157.599  926.5            
34252.295  922.90002            
34346.978  921.29999            
34441.648  929            
34536.306  927.79999            
34630.951  929.79999            
34725.583  927.40002            
34820.202  927.90002            
34914.808  926.40002            
35009.402  928.40002            
35103.983  922.79999            
35198.552  914.40002            
35293.107  923.70001            
35387.65  927.70001            
35482.18  924.70001            
35576.697  920.5            
35671.202  926            
35765.693  925.79999            
35860.172  920.09998            
35954.638  929.20001            
36049.092  925.90002            
36143.533  923            
36237.961  920.20001            
36332.376  924.5            
36426.779  926.90002            
36521.168  923.29999            
36615.545  928.29999            
36709.91  926.20001            
36804.261  922            
36898.6  923.70001            
36992.926  926.79999            
37087.24  924.29999            
37181.54  926.40002            
37275.828  926            
37370.103  925.09998            
37464.366  920.79999            
37558.616  924.59998            
37652.853  928.29999            
37747.077  920.20001            
37841.289  922.5            
37935.488  926.29999            
38029.674  931            
38123.847  931.40002            
38218.008  928.29999            
38312.156  920.40002            
38406.291  923            
38500.414  928            
38594.524  930.5            
38688.621  928.90002            
38782.706  932.59998            
38876.777  929.40002            
38970.836  930.59998            
39064.883  934.79999            
39158.917  933.40002            
39252.938  935.90002            
39346.946  931.29999            
39440.942  923            
39534.924  924.59998            
39628.895  929.40002            
39722.852  924.59998            
39816.797  933.09998            
39910.729  933.90002            
40004.649  934.90002            
40098.556  931.40002            
40192.45  936.20001            
40286.331  934.70001            
40380.2  937.20001            
40474.056  930.29999            
40567.9  926            
40661.73  939.90002            
40755.548  937.09998            
40849.354  935.40002            
40943.146  927.79999            
41036.927  933.90002            
41130.694  937.5            
41224.449  933.29999            
41318.191  932            
41411.92  938.29999            
41505.637  937.70001            
41599.341  939.40002            
41693.032  935            
41786.711  939            
41880.377  939.59998            
41974.031  935.70001            
42067.672  935.79999            
42161.3  932.20001            
42254.915  931.40002            
42348.518  930.40002            
42442.108  939            
42535.686  935.29999            
42629.251  931            
42722.803  928.79999            
42816.343  933.79999            
42909.87  938.20001            
43003.384  935.59998            
43096.886  933.79999            
43190.375  932.29999            
43283.851  932.90002            
43377.315  927.40002            
43470.766  930.90002            
43564.205  936.5            
43657.631  934.40002            
43751.044  934.70001            
43844.445  933.40002            
43937.833  940.09998            
44031.208  936.5            
44124.571  935.59998            
44217.921  939.59998            
44311.259  935            
44404.584  930.40002            
44497.896  935.40002            
44591.196  936            
44684.483  937.20001            
44777.758  939.70001            
44871.02  930.5            
44964.269  932.20001            
45057.506  928.09998            
45150.73  929.20001            
45243.941  930.09998            
45337.14  930.70001            
45430.327  933.59998            
45523.5  928.70001            
45616.661  932.90002            
45709.81  931.29999            
45802.946  931.70001            
45896.069  933.5            
45989.18  934.70001            
46082.278  932.79999            
46175.363  936.70001            
46268.436  934            
46361.497  936.59998            
46454.545  933.70001            
46547.58  934.20001            
46640.602  930.09998            
46733.613  934            
46826.61  938.70001            
46919.595  928.20001            
47012.567  928            
47105.527  935.40002            
47198.474  937.70001            
47291.409  938.70001            
47384.331  936.90002            
47477.24  933.59998            
47570.137  938.09998            
47663.021  938.5            
47755.893  942            
47848.752  942.90002            
47941.599  941.70001            
48034.433  938.40002            
48127.255  938.5            
48220.064  935.20001            
48312.86  936            
48405.644  941            
48498.415  941.59998            
48591.174  940.79999            
48683.92  945.40002            
48776.654  945.09998            
48869.375  943.79999            
48962.084  946.70001            
49054.78  946.20001            
49147.463  943.79999            
49240.134  941.5            
49332.792  947.70001            
49425.438  945.29999            
49518.072  945.70001            
49610.692  941.5            
49703.301  946            
49795.896  937.79999            
49888.48  938.90002            
49981.05  945.70001            
50073.608  948.29999            
50166.154  949            
50258.687  953.09998            
50351.208  952.79999            
50443.716  953            
50536.211  948.90002            
50628.694  949.59998            
50721.165  952.70001            
50813.623  954.70001            
50906.068  953.20001            
50998.501  947.29999            
51090.922  953.29999            
51183.329  957.59998            
51275.725  962.70001            
51368.108  962.70001            
51460.478  959.5            
51552.836  957.79999            
51645.182  960.29999            
51737.514  959.59998            
51829.835  957.29999            
51922.143  956.09998            
52014.438  953.70001            
52106.721  960            
52198.991  954            
52291.249  958.5            
52383.495  959.79999            
52475.728  953.70001            
52567.948  957            
52660.156  960.09998            
52752.352  960.90002            
52844.534  960            
52936.705  960.59998            
53028.863  963.79999            
53121.009  961.5            
53213.142  958.5            
53305.262  950.5            
53397.37  949.79999            
53489.466  958.5            
53581.549  958.5            
53673.62  959.40002            
53765.678  962.20001            
53857.724  960.79999            
53949.757  968.20001            
54041.778  961.90002            
54133.786  961.70001            
54225.782  958.09998            
54317.766  951.09998            
54409.736  950.09998            
54501.695  961.09998            
54593.641  959.79999            
54685.575  962.59998            
54777.496  955            
54869.404  953.20001            
54961.301  949.79999            
55053.185  948.90002            
55145.056  948            
55236.915  950.29999            
55328.761  946.79999            
55420.595  947            
55512.417  947.59998            
55604.226  946            
55696.023  950.5            
55787.807  952.09998            
55879.579  954.59998            
55971.338  952.79999            
56063.085  954            
56154.819  956.79999            
56246.541  953.59998            
56338.251  944.29999            
56429.948  945.09998            
56521.633  952            
56613.305  947            
56704.965  946.70001            
56796.613  953.79999            
56888.248  948.40002            
56979.871  953.70001            
57071.481  951.59998            
57163.079  947.40002            
57254.664  948.90002            
57346.237  949.09998            
57437.798  944.59998            
57529.346  951.59998            
57620.882  953.09998            
57712.405  948            
57803.916  952.40002            
57895.415  951.59998            
57986.901  945.70001            
58078.374  954.79999            
58169.836  955.5            
58261.285  958            
58352.721  953.40002            
58444.145  955.5            
58535.557  951.59998            
58626.957  955.90002            
58718.343  952.70001            
58809.718  948.90002            
58901.08  953.29999            
58992.43  956            
59083.767  957.40002            
59175.092  952.20001            
59266.405  948.90002            
59357.705  952.29999            
59448.993  953.20001            
59540.269  955            
59631.532  964.59998            
59722.783  957.79999            
59814.021  953.79999            
59905.247  956.59998            
59996.46  959.90002            
60087.662  952.79999            
60178.851  952.29999            
60270.027  956.79999            
60361.191  960.40002            
60452.343  957            
60543.482  962.90002            
60634.609  968            
60725.724  969.20001            
60816.826  965            
60907.916  958.59998            
60998.994  966.20001            
61090.059  972.5            
61181.112  968.29999            
61272.153  967.79999            
61363.181  964.5            
61454.197  967.40002            
61545.2  970.5            
61636.191  972            
61727.17  965.29999            
61818.137  964.79999            
61909.091  965.70001            
62000.033  968.70001            
62090.962  965.29999            
62181.879  970.90002            
62272.784  973.29999            
62363.676  982.40002            
62454.556  978.40002            
62545.424  976.79999            
62636.279  983.29999            
62727.123  980            
62817.953  974.5            
62908.772  972.59998            
62999.578  977.29999            
63090.372  973            
63181.153  973.40002            
63271.922  974.29999            
63362.679  976            
63453.424  980            
63544.156  971.20001            
63634.876  972.20001            
63725.583  974.59998            
63816.278  975.59998            
63906.961  979.90002            
63997.632  980.90002            
64088.29  979.59998            
64178.936  978.79999            
64269.57  982.90002            
64360.191  981.59998            
64450.8  980            
64541.397  977.09998            
64631.982  975.5            
64722.554  975.09998            
64813.114  979.09998            
64903.661  976.90002            
64994.197  964            
65084.72  965.20001            
65175.23  969.5            
65265.729  960.20001            
65356.215  952.09998            
65446.689  953.90002            
65537.15  948.59998            
65627.6  950.59998            
65718.037  948.59998            
65808.461  942.20001            
65898.874  937            
65989.274  933.40002            
66079.662  933.59998            
66170.037  934.29999            
66260.401  935.59998            
66350.752  926.09998            
66441.091  929.90002            
66531.417  932.70001            
66621.731  927.79999            
66712.033  925            
66802.323  927.20001            
66892.6  924.40002            
66982.866  917.59998            
67073.118  917.59998            
67163.359  918.40002            
67253.587  919.20001            
67343.804  914.70001            
67434.007  919.09998            
67524.199  917            
67614.378  913.29999            
67704.546  913.29999            
67794.7  915.70001            
67884.843  911.90002            
67974.973  914.70001            
68065.092  917.09998            
68155.197  915.59998            
68245.291  914.20001            
68335.372  911.59998            
68425.442  912.59998            
68515.499  909.20001            
68605.543  912.90002            
68695.576  909.90002            
68785.596  908.20001            
68875.604  903.29999            
68965.6  904            
69055.583  907.40002            
69145.554  905.29999            
69235.513  905.59998            
69325.46  905.70001            
69415.395  905.79999            
69505.317  909.40002            
69595.227  908.59998            
69685.125  905.90002            
69775.011  908            
69864.884  907.79999            
69954.746  906.79999            
70044.595  905.40002            
70134.432  902.79999            
70224.256  903.5            
70314.069  904.90002            
70403.869  905.40002            
70493.657  905.79999            
70583.433  905.79999            
70673.196  906.29999            
70762.948  904.09998            
70852.687  896.09998            
70942.414  898.29999            
71032.128  899.5            
71121.831  902.79999            
71211.521  900.09998            
71301.2  903.20001            
71390.866  898.20001            
71480.519  899.29999            
71570.161  900.09998            
71659.79  904.70001            
71749.408  905.29999            
71839.013  900.40002            
71928.605  904.09998            
72018.186  901.09998            
72107.755  895.70001            
72197.311  896.5            
72286.855  901.09998            
72376.387  901.70001            
72465.907  894.79999            
72555.414  898.79999            
72644.91  901.29999            
72734.393  902.90002            
72823.864  900.20001            
72913.323  896            
73002.77  896.79999            
73092.204  887.90002            
73181.627  892.90002            
73271.037  893.79999            
73360.435  894.70001            
73449.821  893.5            
73539.195  896.20001            
73628.556  898.59998            
73717.906  890.90002            
73807.243  890.70001            
73896.568  894            
73985.881  892.79999            
74075.182  894.20001            
74164.47  892.40002            
74253.747  893.29999            
74343.011  892.79999            
74432.263  895            
74521.503  894.29999            
74610.731  888.79999            
74699.947  889.79999            
74789.151  894.90002            
74878.342  890.90002            
74967.522  891.90002            
75056.689  893.40002            
75145.844  887.70001            
75234.987  883.29999            
75324.118  889            
75413.236  896.90002            
75502.343  893.40002            
75591.437  891.5            
75680.52  894.5            
75769.59  891.20001            
75858.648  891.59998            
75947.694  892            
76036.728  892.79999            
76125.749  889.20001            
76214.759  893.40002            
76303.756  888.40002            
76392.742  885.90002            
76481.715  889            
76570.676  889.59998            
76659.625  892.5            
76748.562  894.09998            
76837.487  891.5            
76926.399  894            
77015.3  889.59998            
77104.188  890.09998            
77193.065  892.70001            
77281.929  888.09998            
77370.781  890            
77459.621  889.5            
77548.449  888.40002            
77637.265  887.70001            
77726.069  886.5            
77814.86  888.90002            
77903.64  891.29999            
77992.407  892            
78081.163  892.40002            
78169.906  894.5            
78258.637  896.70001            
78347.357  896.90002            
78436.064  892.5            
78524.759  892.40002            
78613.441  898.59998            
78702.112  902.90002            
78790.771  900.70001            
78879.418  902.09998            
78968.052  901.59998            
79056.675  899.20001            
79145.285  898.29999            
79233.884  897.90002            
79322.47  896.79999            
79411.044  901.40002            
79499.606  895.5            
79588.156  892.70001            
79676.694  893.79999            
79765.22  890.59998            
79853.734  891.09998            
79942.236  892.09998            
80030.726  890.40002            
80119.203  889.29999            
80207.669  886.90002            
80296.123  882.90002            
80384.564  880.09998            
80472.994  882.29999            
80561.411  886.09998            
80649.817  884.79999            
80738.21  885.29999            
80826.591  886            
80914.961  885.29999            
81003.318  887.20001            
81091.663  887            
81179.996  881.79999            
81268.317  879            
81356.626  884            
81444.923  880.5            
81533.208  884            
81621.481  880.20001            
81709.742  881.59998            
81797.991  879.59998            
81886.228  881.5            
81974.453  880.09998            
82062.666  877.5            
82150.866  878.09998            
82239.055  881            
82327.232  882.90002            
82415.397  881.09998            
82503.549  881.70001            
82591.69  878.59998            
82679.819  878            
82767.935  877.29999            
82856.04  878.5            
82944.132  876.20001            
83032.213  875.5            
83120.282  874            
83208.338  874.59998            
83296.383  878.40002            
83384.415  877.20001            
83472.436  880.70001            
83560.445  881.90002            
83648.441  877.5            
83736.426  878.79999            
83824.398  875.40002            
83912.359  872.79999            
84000.307  874.59998            
84088.244  877.09998            
84176.168  875            
84264.081  879.90002            
84351.982  875.70001            
84439.87  876            
84527.747  875.79999            
84615.611  875.70001            
84703.464  873.59998            
84791.305  873.79999            
84879.133  875.29999            
84966.95  874.40002            
85054.755  872            
85142.548  876.40002            
85230.328  868.90002            
85318.097  868.90002            
85405.854  868.90002            
85493.599  875.79999            
85581.332  874            
85669.053  871.40002            
85756.762  871.40002            
85844.458  871.90002            
85932.143  872.29999            
86019.816  874.5            
86107.478  874.5            
86195.127  876.20001            
86282.764  874.09998            
86370.389  875.09998            
86458.002  869.79999            
86545.603  869.90002            
86633.193  869            
86720.77  872.79999            
86808.336  871.59998            
86895.889  875.20001            
86983.431  871.20001            
87070.96  869.20001            
87158.478  872.5            
87245.983  871.40002            
87333.477  873            
87420.959  873.20001            
87508.429  871.40002            
87595.887  869.79999            
87683.333  870.59998            
87770.767  867.79999            
87858.189  872.40002            
87945.599  871            
88032.997  871.20001            
88120.383  871.40002            
88207.758  868.79999            
88295.12  864.90002            
88382.471  870            
88469.809  867.59998            
88557.136  870            
88644.451  867            
88731.753  868.5            
88819.044  866            
88906.323  870            
88993.59  865.79999            
89080.845  864.29999            
89168.089  866.59998            
89255.32  867.29999            
89342.539  870.59998            
89429.747  867.29999            
89516.942  868.40002            
89604.126  870.70001            
89691.298  869.40002            
89778.458  865.79999            
89865.606  865.59998            
89952.742  869.5            
90039.866  864.20001            
90126.978  864.09998            
90214.078  868.40002            
90301.167  868.5            
90388.243  867            
90475.308  867.40002            
90562.361  866.20001            
90649.402  865.29999            
90736.431  867.5            
90823.448  867.29999            
90910.453  865.90002            
90997.446  865.59998            
