6.20             
x       y           
[m<sup>-1</sup>]     [CCD cts]         
7724.5896  788.59998            
7822.8411  788.70001            
7921.0794  788.09998            
8019.3045  788.70001            
8117.5164  787.79999            
8215.7151  789.09998            
8313.9007  789.40002            
8412.0731  788.59998            
8510.2323  789.09998            
8608.3783  789.09998            
8706.5112  789            
8804.6309  789.70001            
8902.7374  789.20001            
9000.8308  789.5            
9098.911  789.79999            
9196.9781  791.59998            
9295.032  793.20001            
9393.0727  794.79999            
9491.1003  797.79999            
9589.1147  802.20001            
9687.116  809.20001            
9785.1041  820.09998            
9883.0791  843.70001            
9981.0409  888.59998            
10078.99  981.70001            
10176.925  1172.1            
10274.847  1493.8            
10372.757  1863.2            
10470.653  2208.2            
10568.536  2439.3            
10666.406  2367            
10764.262  2169.6001            
10862.106  2029            
10959.936  1955.2            
11057.753  1905            
11155.558  1868.8            
11253.349  1895.2            
11351.126  1966.4            
11448.891  2038.2            
11546.643  2151            
11644.381  2226.5            
11742.107  2280.3999            
11839.819  2293.7            
11937.518  2337.5            
12035.204  2395.7            
12132.877  2372.2            
12230.537  2331.3            
12328.184  2273.7            
12425.817  2279.1001            
12523.438  2274.5            
12621.045  2230.6001            
12718.639  2180.1001            
12816.22  2170.1001            
12913.788  2145            
13011.343  2146.2            
13108.885  2146.5            
13206.414  2128            
13303.93  2103.8            
13401.432  2103.3            
13498.922  2132.5            
13596.398  2169.6001            
13693.861  2180.7            
13791.311  2175.2            
13888.748  2133.6001            
13986.172  2139.7            
14083.583  2237.3            
14180.981  2245.8            
14278.366  2209.8999            
14375.738  2219.1001            
14473.096  2196.6001            
14570.442  2161.8            
14667.774  2222            
14765.093  2293.5            
14862.4  2353.5            
14959.693  2346.5            
15056.973  2325.8999            
15154.24  2267            
15251.494  2205.3999            
15348.735  2194.3999            
15445.963  2160.7            
15543.178  2106            
15640.379  2039.1            
15737.568  2027            
15834.744  2061            
15931.906  2050.5            
16029.056  2058.6001            
16126.192  2061.6001            
16223.315  2005            
16320.426  1950.2            
16417.523  1981.6            
16514.607  1982.4            
16611.679  1969.9            
16708.737  1964.1            
16805.782  1965.9            
16902.814  1916.6            
16999.833  1903.6            
17096.839  1946.8            
17193.832  1954.1            
17290.812  1947.8            
17387.779  1930.7            
17484.732  1921.5            
17581.673  1921.9            
17678.601  1895.3            
17775.516  1888.7            
17872.418  1884.8            
17969.306  1929.3            
18066.182  1955.4            
18163.045  1902            
18259.894  1896.5            
18356.731  1907.3            
18453.554  1921.6            
18550.365  1913.5            
18647.162  1881.2            
18743.947  1862.5            
18840.719  1899.2            
18937.477  1909.2            
19034.223  1941.7            
19130.955  1907.6            
19227.675  1923.6            
19324.381  1976.9            
19421.075  1980.1            
19517.755  1966.1            
19614.423  1943.9            
19711.077  1918.9            
19807.718  1944.9            
19904.347  1974            
20000.962  1982.1            
20097.565  1986.4            
20194.154  1983.7            
20290.731  1939.6            
20387.295  1946.3            
20483.845  1973.3            
20580.383  1996.6            
20676.907  1992.7            
20773.419  1972.1            
20869.917  2009.3            
20966.403  2046.9            
21062.876  2034.3            
21159.335  1996.4            
21255.782  1978.5            
21352.216  1979.4            
21448.637  1997.4            
21545.044  2014.5            
21641.439  2007.2            
21737.821  2007.9            
21834.19  1982.1            
21930.546  2014            
22026.889  2001.7            
22123.219  1977.5            
22219.536  1956.5            
22315.84  1905.5            
22412.131  1882.5            
22508.409  1888.4            
22604.674  1891.6            
22700.927  1839            
22797.166  1790            
22893.392  1787.2            
22989.606  1810.7            
23085.806  1800.1            
23181.994  1778.7            
23278.168  1766.3            
23374.33  1764.4            
23470.479  1733.8            
23566.614  1742.6            
23662.737  1739.2            
23758.847  1702.9            
23854.944  1666.9            
23951.028  1689.6            
24047.099  1701.4            
24143.157  1695.1            
24239.202  1699.5            
24335.235  1681.4            
24431.254  1649            
24527.26  1665.8            
24623.254  1646.3            
24719.235  1628.1            
24815.202  1635            
24911.157  1634.3            
25007.099  1633.3            
25103.028  1641.8            
25198.944  1646.4            
25294.847  1642.3            
25390.737  1647.5            
25486.614  1651.7            
25582.479  1614.9            
25678.33  1612.1            
25774.169  1629.1            
25869.994  1623.2            
25965.807  1612.4            
26061.607  1610.3            
26157.394  1617.7            
26253.168  1630.1            
26348.929  1608.7            
26444.677  1594.8            
26540.413  1610.9            
26636.135  1606.4            
26731.845  1593.8            
26827.541  1589.7            
26923.225  1595.2            
27018.896  1590.8            
27114.554  1564.4            
27210.199  1584.7            
27305.832  1618.5            
27401.451  1593.8            
27497.058  1558            
27592.651  1583.8            
27688.232  1582.7            
27783.8  1585.2            
27879.355  1568.6            
27974.897  1564.5            
28070.426  1584.2            
28165.943  1562.5            
28261.446  1579.9            
28356.937  1579.7            
28452.415  1552            
28547.88  1565.7            
28643.332  1575.4            
28738.771  1579.7            
28834.197  1587.8            
28929.611  1609.1            
29025.011  1609.9            
29120.399  1578.7            
29215.774  1571.2            
29311.136  1572.3            
29406.486  1571.5            
29501.822  1594.3            
29597.146  1611.3            
29692.456  1586.5            
29787.754  1570.8            
29883.039  1573.5            
29978.311  1570.5            
30073.571  1599            
30168.817  1584.4            
30264.051  1580.2            
30359.272  1572.7            
30454.48  1584.3            
30549.675  1577.7            
30644.857  1562.3            
30740.027  1567            
30835.184  1586.6            
30930.327  1604.2            
31025.458  1574.5            
31120.577  1566.9            
31215.682  1553.4            
31310.775  1571.4            
31405.854  1604.2            
31500.921  1581.4            
31595.976  1569.1            
31691.017  1540.2            
31786.045  1536.5            
31881.061  1549.3            
31976.064  1557.3            
32071.054  1569.9            
32166.031  1582.2            
32260.996  1577.9            
32355.948  1563.3            
32450.886  1561.9            
32545.812  1564.1            
32640.726  1568.9            
32735.626  1568.2            
32830.514  1565.9            
32925.389  1553.8            
33020.251  1560.2            
33115.1  1565.4            
33209.937  1571.8            
33304.76  1572            
33399.571  1563.8            
33494.369  1550.6            
33589.155  1550            
33683.927  1563.3            
33778.687  1593.9            
33873.434  1594            
33968.169  1564.3            
34062.89  1557.2            
34157.599  1582.2            
34252.295  1558.1            
34346.978  1556.6            
34441.648  1551.9            
34536.306  1550.3            
34630.951  1563            
34725.583  1549            
34820.202  1547.2            
34914.808  1574.8            
35009.402  1544.8            
35103.983  1525.1            
35198.552  1541.8            
35293.107  1544.8            
35387.65  1541.6            
35482.18  1549.3            
35576.697  1546.9            
35671.202  1542            
35765.693  1543.4            
35860.172  1550.2            
35954.638  1549.9            
36049.092  1549.1            
36143.533  1549.6            
36237.961  1536.4            
36332.376  1555.2            
36426.779  1540.6            
36521.168  1530.8            
36615.545  1552.3            
36709.91  1543.5            
36804.261  1538.4            
36898.6  1528.9            
36992.926  1527.1            
37087.24  1536.1            
37181.54  1542.2            
37275.828  1542.2            
37370.103  1525.5            
37464.366  1528.8            
37558.616  1553.8            
37652.853  1557.5            
37747.077  1554.7            
37841.289  1545.1            
37935.488  1547.3            
38029.674  1543.8            
38123.847  1526.9            
38218.008  1526.4            
38312.156  1538.6            
38406.291  1542.3            
38500.414  1562.6            
38594.524  1566.9            
38688.621  1581.3            
38782.706  1578.5            
38876.777  1557.9            
38970.836  1548.1            
39064.883  1582.4            
39158.917  1582.4            
39252.938  1579.4            
39346.946  1604.4            
39440.942  1614.1            
39534.924  1587.5            
39628.895  1564.7            
39722.852  1568.3            
39816.797  1567.3            
39910.729  1576.6            
40004.649  1588.8            
40098.556  1610.5            
40192.45  1594.3            
40286.331  1599.1            
40380.2  1595.8            
40474.056  1602.3            
40567.9  1603.1            
40661.73  1593.8            
40755.548  1580.6            
40849.354  1599.4            
40943.146  1602.4            
41036.927  1588.4            
41130.694  1575.8            
41224.449  1562.6            
41318.191  1571.8            
41411.92  1577.8            
41505.637  1588            
41599.341  1588.7            
41693.032  1593.8            
41786.711  1596.2            
41880.377  1615.4            
41974.031  1608.9            
42067.672  1596.2            
42161.3  1608.3            
42254.915  1616.3            
42348.518  1594.3            
42442.108  1567            
42535.686  1581.4            
42629.251  1601.6            
42722.803  1592.3            
42816.343  1561.7            
42909.87  1581            
43003.384  1589.2            
43096.886  1604.4            
43190.375  1597.9            
43283.851  1599.5            
43377.315  1608.6            
43470.766  1603.4            
43564.205  1576.5            
43657.631  1578.4            
43751.044  1582.8            
43844.445  1596.1            
43937.833  1584.2            
44031.208  1570.3            
44124.571  1546.8            
44217.921  1567.1            
44311.259  1579.5            
44404.584  1584.3            
44497.896  1599.9            
44591.196  1603.1            
44684.483  1590.4            
44777.758  1562.9            
44871.02  1582.7            
44964.269  1552.5            
45057.506  1557.7            
45150.73  1568.3            
45243.941  1561.2            
45337.14  1558.6            
45430.327  1572.2            
45523.5  1579.6            
45616.661  1576.3            
45709.81  1569.3            
45802.946  1577.3            
45896.069  1581.4            
45989.18  1591            
46082.278  1574.9            
46175.363  1566.9            
46268.436  1573.1            
46361.497  1589.3            
46454.545  1587.1            
46547.58  1594.1            
46640.602  1597.4            
46733.613  1562.2            
46826.61  1548.4            
46919.595  1571.2            
47012.567  1562.3            
47105.527  1570.6            
47198.474  1595.4            
47291.409  1596.7            
47384.331  1584.8            
47477.24  1570.2            
47570.137  1582.8            
47663.021  1596.5            
47755.893  1614.9            
47848.752  1592.7            
47941.599  1600.9            
48034.433  1613.8            
48127.255  1622.7            
48220.064  1617            
48312.86  1602            
48405.644  1594.3            
48498.415  1634.2            
48591.174  1648.6            
48683.92  1624.9            
48776.654  1602.2            
48869.375  1599.7            
48962.084  1618.7            
49054.78  1641.8            
49147.463  1633.4            
49240.134  1631            
49332.792  1610.7            
49425.438  1600            
49518.072  1625.1            
49610.692  1664.4            
49703.301  1638.5            
49795.896  1631.8            
49888.48  1616.2            
49981.05  1636.2            
50073.608  1658            
50166.154  1640.9            
50258.687  1648.2            
50351.208  1673.4            
50443.716  1677.6            
50536.211  1658.1            
50628.694  1667.7            
50721.165  1652            
50813.623  1656.4            
50906.068  1646.6            
50998.501  1652.8            
51090.922  1655            
51183.329  1672.9            
51275.725  1674.5            
51368.108  1682.5            
51460.478  1678.1            
51552.836  1684.9            
51645.182  1680            
51737.514  1671.6            
51829.835  1677.1            
51922.143  1682.4            
52014.438  1675            
52106.721  1652.5            
52198.991  1656.1            
52291.249  1675            
52383.495  1700.2            
52475.728  1682            
52567.948  1680.5            
52660.156  1697.6            
52752.352  1716.9            
52844.534  1687.2            
52936.705  1682.2            
53028.863  1693.4            
53121.009  1677.2            
53213.142  1670.9            
53305.262  1688            
53397.37  1686.6            
53489.466  1709.3            
53581.549  1723.8            
53673.62  1712.6            
53765.678  1699.8            
53857.724  1685.6            
53949.757  1656.3            
54041.778  1688.3            
54133.786  1700.2            
54225.782  1667.9            
54317.766  1659.4            
54409.736  1636            
54501.695  1650.4            
54593.641  1671.8            
54685.575  1688.5            
54777.496  1642.4            
54869.404  1651.6            
54961.301  1650.8            
55053.185  1638.7            
55145.056  1618.3            
55236.915  1628.9            
55328.761  1627.1            
55420.595  1630.2            
55512.417  1632.9            
55604.226  1639.6            
55696.023  1630.5            
55787.807  1623.6            
55879.579  1649            
55971.338  1675.6            
56063.085  1672.9            
56154.819  1676            
56246.541  1652.3            
56338.251  1630.6            
56429.948  1641.3            
56521.633  1644.8            
56613.305  1650.3            
56704.965  1654.1            
56796.613  1664.5            
56888.248  1667.7            
56979.871  1653.4            
57071.481  1654.3            
57163.079  1683.4            
57254.664  1656.8            
57346.237  1631.3            
57437.798  1625.3            
57529.346  1666.7            
57620.882  1661.7            
57712.405  1654.4            
57803.916  1650.6            
57895.415  1637.3            
57986.901  1641.5            
58078.374  1652.6            
58169.836  1647            
58261.285  1670.3            
58352.721  1682.5            
58444.145  1645.5            
58535.557  1645.7            
58626.957  1656.6            
58718.343  1654.1            
58809.718  1656.7            
58901.08  1673.4            
58992.43  1688.5            
59083.767  1685.2            
59175.092  1667.4            
59266.405  1671.7            
59357.705  1665.7            
59448.993  1685.1            
59540.269  1680.8            
59631.532  1685.1            
59722.783  1664.7            
59814.021  1655.7            
59905.247  1675.9            
59996.46  1652.8            
60087.662  1652.4            
60178.851  1681.2            
60270.027  1739.5            
60361.191  1697            
60452.343  1670.3            
60543.482  1669.8            
60634.609  1676.5            
60725.724  1677.2            
60816.826  1711.1            
60907.916  1743.6            
60998.994  1718.6            
61090.059  1716.6            
61181.112  1717.2            
61272.153  1704.9            
61363.181  1710.6            
61454.197  1736.2            
61545.2  1714            
61636.191  1710            
61727.17  1747.6            
61818.137  1744.9            
61909.091  1735.4            
62000.033  1746.3            
62090.962  1717            
62181.879  1726.8            
62272.784  1725.7            
62363.676  1698.6            
62454.556  1689            
62545.424  1738.6            
62636.279  1728.5            
62727.123  1715.4            
62817.953  1705.4            
62908.772  1728.2            
62999.578  1739.3            
63090.372  1733.2            
63181.153  1724            
63271.922  1700.3            
63362.679  1691.9            
63453.424  1723            
63544.156  1729.6            
63634.876  1708.3            
63725.583  1715.5            
63816.278  1699.6            
63906.961  1687.3            
63997.632  1698.2            
64088.29  1700            
64178.936  1686.5            
64269.57  1680.7            
64360.191  1674.8            
64450.8  1688.3            
64541.397  1697.8            
64631.982  1666.4            
64722.554  1616.4            
64813.114  1631.1            
64903.661  1629.8            
64994.197  1647.5            
65084.72  1634.4            
65175.23  1604.7            
65265.729  1595.8            
65356.215  1608.2            
65446.689  1591.6            
65537.15  1575.5            
65627.6  1563.9            
65718.037  1572.6            
65808.461  1551.1            
65898.874  1556.1            
65989.274  1541.4            
66079.662  1516.4            
66170.037  1537.2            
66260.401  1561.5            
66350.752  1550.5            
66441.091  1532.4            
66531.417  1504.1            
66621.731  1503.5            
66712.033  1539.3            
66802.323  1542.8            
66892.6  1519.7            
66982.866  1513.2            
67073.118  1507.7            
67163.359  1506.9            
67253.587  1500.1            
67343.804  1501.4            
67434.007  1480.1            
67524.199  1474.1            
67614.378  1490.5            
67704.546  1497.6            
67794.7  1496.9            
67884.843  1496.3            
67974.973  1492.1            
68065.092  1477.7            
68155.197  1472.9            
68245.291  1496            
68335.372  1501.7            
68425.442  1478            
68515.499  1462.8            
68605.543  1455.8            
68695.576  1452.4            
68785.596  1451.3            
68875.604  1439.8            
68965.6  1447.9            
69055.583  1456.8            
69145.554  1471.5            
69235.513  1453.5            
69325.46  1468.4            
69415.395  1484            
69505.317  1472.9            
69595.227  1474.1            
69685.125  1481.3            
69775.011  1476.9            
69864.884  1451.4            
69954.746  1455.5            
70044.595  1466.8            
70134.432  1463.1            
70224.256  1448.8            
70314.069  1448.6            
70403.869  1451.4            
70493.657  1447.2            
70583.433  1467.4            
70673.196  1469.6            
70762.948  1466.1            
70852.687  1473.2            
70942.414  1465.9            
71032.128  1462.7            
71121.831  1461.7            
71211.521  1466.2            
71301.2  1462.4            
71390.866  1468.4            
71480.519  1469.6            
71570.161  1461.3            
71659.79  1450.9            
71749.408  1435.5            
71839.013  1443.1            
71928.605  1428.1            
72018.186  1442.9            
72107.755  1427.6            
72197.311  1403.1            
72286.855  1410.1            
72376.387  1407.1            
72465.907  1431.1            
72555.414  1442.3            
72644.91  1449.1            
72734.393  1437.4            
72823.864  1406.9            
72913.323  1403.2            
73002.77  1417.3            
73092.204  1401.5            
73181.627  1401            
73271.037  1403.6            
73360.435  1394.3            
73449.821  1404.4            
73539.195  1425.7            
73628.556  1422            
73717.906  1414.4            
73807.243  1410.8            
73896.568  1393.5            
73985.881  1389.7            
74075.182  1413.2            
74164.47  1416.6            
74253.747  1434.3            
74343.011  1410.1            
74432.263  1408.2            
74521.503  1405.6            
74610.731  1405            
74699.947  1397.3            
74789.151  1393.1            
74878.342  1379.1            
74967.522  1387.9            
75056.689  1399.7            
75145.844  1403.3            
75234.987  1401.7            
75324.118  1404.3            
75413.236  1417.7            
75502.343  1400.5            
75591.437  1386.5            
75680.52  1369.6            
75769.59  1380.2            
75858.648  1384.2            
75947.694  1375.5            
76036.728  1373.6            
76125.749  1386.2            
76214.759  1376.8            
76303.756  1362.3            
76392.742  1369.1            
76481.715  1372.7            
76570.676  1376.9            
76659.625  1386.4            
76748.562  1378.4            
76837.487  1353.6            
76926.399  1336.5            
77015.3  1359            
77104.188  1367.9            
77193.065  1356.4            
77281.929  1339.7            
77370.781  1352.7            
77459.621  1369.8            
77548.449  1388            
77637.265  1362.9            
77726.069  1340.4            
77814.86  1351.6            
77903.64  1360.8            
77992.407  1368            
78081.163  1348.5            
78169.906  1342.7            
78258.637  1355.2            
78347.357  1371.2            
78436.064  1375.2            
78524.759  1372.3            
78613.441  1372.2            
78702.112  1353.7            
78790.771  1352.7            
78879.418  1356.2            
78968.052  1362.3            
79056.675  1369.8            
79145.285  1353.5            
79233.884  1348.3            
79322.47  1359.8            
79411.044  1369.2            
79499.606  1353.6            
79588.156  1360.3            
79676.694  1372.4            
79765.22  1358.7            
79853.734  1347.6            
79942.236  1360            
80030.726  1354.2            
80119.203  1342.2            
80207.669  1355.5            
80296.123  1344.8            
80384.564  1342.1            
80472.994  1355.4            
80561.411  1358.6            
80649.817  1348.5            
80738.21  1343.2            
80826.591  1368.5            
80914.961  1371            
81003.318  1362.1            
81091.663  1356.2            
81179.996  1345.8            
81268.317  1344.8            
81356.626  1338.8            
81444.923  1331.8            
81533.208  1343.7            
81621.481  1334.2            
81709.742  1329.2            
81797.991  1346.9            
81886.228  1339.3            
81974.453  1335            
82062.666  1331            
82150.866  1337.7            
82239.055  1330.3            
82327.232  1316.9            
82415.397  1318.8            
82503.549  1350.9            
82591.69  1359            
82679.819  1338.2            
82767.935  1326.4            
82856.04  1331.5            
82944.132  1338.7            
83032.213  1318.9            
83120.282  1313.6            
83208.338  1306.4            
83296.383  1302.3            
83384.415  1314            
83472.436  1325            
83560.445  1321            
83648.441  1321.3            
83736.426  1313.9            
83824.398  1315.7            
83912.359  1312.8            
84000.307  1310.5            
84088.244  1306.2            
84176.168  1317.7            
84264.081  1324.3            
84351.982  1323.8            
84439.87  1340.3            
84527.747  1329            
84615.611  1316            
84703.464  1317.5            
84791.305  1309            
84879.133  1304.7            
84966.95  1288.7            
85054.755  1290.5            
85142.548  1292.1            
85230.328  1289.4            
85318.097  1306.5            
85405.854  1312.1            
85493.599  1318.5            
85581.332  1301.2            
85669.053  1305.1            
85756.762  1298.9            
85844.458  1309.7            
85932.143  1323.5            
86019.816  1326.4            
86107.478  1313.2            
86195.127  1295.9            
86282.764  1306.3            
86370.389  1298.3            
86458.002  1295.9            
86545.603  1293.4            
86633.193  1293.6            
86720.77  1291.4            
86808.336  1282.2            
86895.889  1267.2            
86983.431  1271.7            
87070.96  1276.5            
87158.478  1292.2            
87245.983  1279.4            
87333.477  1277.4            
87420.959  1301.1            
87508.429  1297.5            
87595.887  1300.4            
87683.333  1280.4            
87770.767  1289.9            
87858.189  1284.4            
87945.599  1264.2            
88032.997  1264.1            
88120.383  1253.7            
88207.758  1267.9            
88295.12  1260.7            
88382.471  1249.2            
88469.809  1272.2            
88557.136  1286.8            
88644.451  1275.9            
88731.753  1281.4            
88819.044  1287.5            
88906.323  1273.9            
88993.59  1279.1            
89080.845  1294.9            
89168.089  1287.3            
89255.32  1264.3            
89342.539  1275.2            
89429.747  1266.9            
89516.942  1269            
89604.126  1262.4            
89691.298  1276            
89778.458  1304.3            
89865.606  1295.7            
89952.742  1301.9            
90039.866  1291.8            
90126.978  1276.2            
90214.078  1268.8            
90301.167  1271.6            
90388.243  1272            
90475.308  1261.5            
90562.361  1252.2            
90649.402  1267.9            
90736.431  1268.8            
90823.448  1267.5            
90910.453  1270.8            
90997.446  1256.9            
91084.428  1235.7            
91171.397  1248.3            
91258.355  1242.5            
91345.301  1247.6            
91432.235  1263.9            
91519.157  1271.8            
91606.067  1266.3            
91692.965  1258.9            
91779.852  1255.3            
91866.726  1242.7            
91953.589  1236.9            
92040.44  1235.3            
92127.278  1249.5            
92214.106  1246.2            
92300.921  1248.9            
92387.724  1247.5            
92474.515  1247            
92561.295  1247.6            
92648.063  1249.6            
92734.819  1244.5            
92821.563  1251.2            
92908.295  1245.6            
92995.015  1257.6            
93081.724  1247.2            
93168.42  1238            
93255.105  1224.1            
93341.778  1213.3            
93428.439  1226.3            
