x       y           
[m<sup>-1</sup>]     [CCD cts]         
4880.2607  787.20001            
4979.0489  787.20001            
5077.8239  786.90002            
5176.5857  786.59998            
5275.3343  786.59998            
5374.0698  786.90002            
5472.792  787.29999            
5571.5011  787            
5670.197  787.29999            
5768.8797  787.29999            
5867.5493  787.79999            
5966.2057  786.90002            
6064.8489  787.5            
6163.4789  786.59998            
6262.0958  787.5            
6360.6995  787.40002            
6459.29  786.70001            
6557.8674  787.09998            
6656.4316  787.29999            
6754.9827  787.09998            
6853.5206  787.70001            
6952.0453  787.40002            
7050.5569  787.79999            
7149.0553  787.20001            
7247.5406  787            
7346.0127  787.09998            
7444.4717  788            
7542.9175  787.09998            
7641.3502  786.90002            
7739.7697  787            
7838.1761  787.20001            
7936.5694  787.40002            
8034.9495  787.5            
8133.3164  787.5            
8231.6703  787.20001            
8330.011  787.70001            
8428.3385  787.40002            
8526.6529  787.40002            
8624.9542  787.5            
8723.2424  787.40002            
8821.5174  787.09998            
8919.7793  787.79999            
9018.0281  788.09998            
9116.2637  788            
9214.4863  788            
9312.6957  789.40002            
9410.892  789            
9509.0751  788.90002            
9607.2452  792.70001            
9705.4021  791.90002            
9803.546  795.40002            
9901.6767  801.40002            
9999.7943  816.20001            
10097.899  838.59998            
10195.99  888.70001            
10294.068  952.40002            
10392.134  1014.5            
10490.186  1056.1            
10588.225  1065.8            
10686.25  1035.1            
10784.263  1013.3            
10882.263  999.40002            
10980.249  981.20001            
11078.223  985.29999            
11176.183  987.90002            
11274.131  994            
11372.065  1002.4            
11469.986  1025.7            
11567.894  1038            
11665.789  1048.8            
11763.671  1047.3            
11861.54  1059.5            
11959.395  1075.5            
12057.238  1071            
12155.067  1070.1            
12252.884  1058.8            
12350.687  1050.3            
12448.478  1043.5            
12546.255  1040.6            
12644.019  1041.7            
12741.77  1042.2            
12839.508  1044.7            
12937.233  1036.3            
13034.945  1036.4            
13132.644  1045.6            
13230.33  1041.8            
13328.002  1036.7            
13425.662  1048.1            
13523.309  1046.4            
13620.942  1039.7            
13718.563  1049.2            
13816.17  1055.9            
13913.764  1058.7            
14011.346  1055.3            
14108.914  1048.9            
14206.469  1047.6            
14304.011  1056.2            
14401.541  1064.4            
14499.057  1063.4            
14596.56  1064            
14694.05  1070.3            
14791.527  1085.3            
14888.991  1089.3            
14986.442  1099.6            
15083.879  1091.3            
15181.304  1077.8            
15278.716  1077.2            
15376.115  1070.6            
15473.501  1066.4            
15570.873  1055.6            
15668.233  1045.8            
15765.58  1040.2            
15862.913  1033.8            
15960.234  1029.7            
16057.542  1025.5            
16154.836  1021.7            
16252.118  1024.8            
16349.387  1020.6            
16446.642  1019.3            
16543.885  1025            
16641.114  1026.3            
16738.331  1022.2            
16835.534  1015.5            
16932.725  1009.2            
17029.902  1014.2            
17127.067  1012.1            
17224.218  1008.4            
17321.357  1009.8            
17418.482  1006.1            
17515.595  999.90002            
17612.694  1000.1            
17709.781  1000.3            
17806.855  995.90002            
17903.915  996.40002            
18000.963  995.40002            
18097.997  999.40002            
18195.019  997            
18292.027  1002.8            
18389.023  998.79999            
18486.006  1000.6            
18582.975  1000.1            
18679.932  1001.7            
18776.876  1003.6            
18873.806  1003.1            
18970.724  1003.2            
19067.629  997            
19164.521  1002.6            
19261.4  998.40002            
19358.266  1003.4            
19455.118  1002.5            
19551.958  1009.2            
19648.785  1012.6            
19745.599  1010.1            
19842.4  1011.9            
19939.189  1018.6            
20035.964  1009.5            
20132.726  1004.5            
20229.475  1000.5            
20326.211  1007.2            
20422.935  1008            
20519.645  1005.7            
20616.342  1007.1            
20713.027  1016.1            
20809.698  1022.3            
20906.357  1018.1            
21003.003  1020            
21099.635  1013.9            
21196.255  1009.6            
21292.862  1017            
21389.456  1015.1            
21486.037  1021.9            
21582.605  1018            
21679.16  1006.1            
21775.702  1007.2            
21872.231  1012.1            
21968.748  1002.6            
22065.251  1001.2            
22161.741  1003.9            
22258.219  1002.6            
22354.683  999.40002            
22451.135  993.40002            
22547.574  989.40002            
22644  983.70001            
22740.413  984.29999            
22836.813  988.5            
22933.2  987.70001            
23029.574  983.40002            
23125.935  976.40002            
23222.283  975.79999            
23318.619  983.29999            
23414.941  977.40002            
23511.251  973.70001            
23607.548  969.79999            
23703.832  969.79999            
23800.103  961.79999            
23896.361  967.79999            
23992.606  960.20001            
24088.838  960.79999            
24185.057  959.59998            
24281.264  962.09998            
24377.457  966.29999            
24473.638  961.79999            
24569.806  963.09998            
24665.961  958.59998            
24762.103  953.59998            
24858.232  963.29999            
24954.348  958.40002            
25050.451  956.59998            
25146.542  961.29999            
25242.619  958            
25338.684  945.5            
25434.736  946.5            
25530.775  943.59998            
25626.801  954.90002            
25722.814  953.20001            
25818.815  960.09998            
25914.802  956.59998            
26010.777  951.40002            
26106.739  945.59998            
26202.687  951.29999            
26298.623  950.70001            
26394.547  951            
26490.457  948            
26586.354  951.70001            
26682.239  948.90002            
26778.111  953.70001            
26873.97  945.79999            
26969.816  950.09998            
27065.649  945.59998            
27161.469  953.40002            
27257.277  957.20001            
27353.071  949.09998            
27448.853  945.29999            
27544.622  936.20001            
27640.378  942.59998            
27736.121  947.40002            
27831.852  950            
27927.569  944.20001            
28023.274  947.09998            
28118.966  949.09998            
28214.645  952.09998            
28310.311  957.09998            
28405.965  951            
28501.606  947.90002            
28597.233  948.59998            
28692.848  949.59998            
28788.45  952.90002            
28884.04  952.79999            
28979.616  953.40002            
29075.18  953.59998            
29170.731  956.59998            
29266.269  955.29999            
29361.794  960.59998            
29457.306  957.90002            
29552.806  958.5            
29648.293  961.5            
29743.767  957.90002            
29839.228  957.40002            
29934.676  960.59998            
30030.112  960.40002            
30125.534  961.79999            
30220.944  955.09998            
30316.342  962.5            
30411.726  964.79999            
30507.097  959.70001            
30602.456  958.29999            
30697.802  956.40002            
30793.135  953.40002            
30888.456  958.09998            
30983.763  954.29999            
31079.058  952.70001            
31174.34  953            
31269.609  951.09998            
31364.866  956.5            
31460.109  957.09998            
31555.34  953.79999            
31650.558  956.29999            
31745.763  960.29999            
31840.956  955.29999            
31936.136  950            
32031.303  948.40002            
32126.457  949.40002            
32221.598  957.59998            
32316.727  957.5            
32411.843  950.40002            
32506.946  952.29999            
32602.036  956.20001            
32697.114  948            
32792.179  949.20001            
32887.231  953.79999            
32982.27  962.79999            
33077.297  959.90002            
33172.311  953.40002            
33267.312  953.09998            
33362.3  952.70001            
33457.275  949.79999            
33552.238  944.59998            
33647.188  947.5            
33742.125  948.5            
33837.05  949.20001            
33931.962  946.79999            
34026.861  950.40002            
34121.747  955.40002            
34216.621  952.59998            
34311.481  956.70001            
34406.33  946.5            
34501.165  953.79999            
34595.988  952.90002            
34690.797  948.5            
34785.595  956.40002            
34880.379  956            
34975.151  954.59998            
35069.91  959.09998            
35164.656  957.59998            
35259.389  955.59998            
35354.11  950.5            
35448.818  951.29999            
35543.514  953            
35638.196  956.70001            
35732.866  945.90002            
35827.523  950.70001            
35922.168  958            
36016.799  948.90002            
36111.418  943.59998            
36206.025  949.59998            
36300.618  947.79999            
36395.199  945.70001            
36489.768  950.79999            
36584.323  950.20001            
36678.866  948.79999            
36773.396  950            
36867.913  949.40002            
36962.418  952.29999            
37056.91  952.70001            
37151.389  956            
37245.856  952.40002            
37340.31  946.59998            
37434.751  952.29999            
37529.18  952.40002            
37623.596  951.79999            
37717.999  953.29999            
37812.389  950.70001            
37906.767  954.20001            
38001.132  958.29999            
38095.484  950.20001            
38189.824  952.5            
38284.151  953.40002            
38378.466  947.20001            
38472.767  948.79999            
38567.056  954            
38661.333  950.59998            
38755.596  953.09998            
38849.848  957.20001            
38944.086  955.5            
39038.312  953.79999            
39132.525  955.20001            
39226.725  954.5            
39320.913  955.5            
39415.088  957.29999            
39509.25  954.20001            
39603.4  951.79999            
39697.537  957.5            
39791.661  953.79999            
39885.773  952.90002            
39979.872  952.40002            
40073.959  955            
40168.032  957.29999            
40262.093  955.20001            
40356.142  959.70001            
40450.178  961.20001            
40544.201  957.09998            
40638.212  960.70001            
40732.21  964.20001            
40826.195  958.70001            
40920.167  961.40002            
41014.127  964.90002            
41108.075  965.70001            
41202.01  955.29999            
41295.932  957.5            
41389.841  967            
41483.738  961.79999            
41577.622  958.90002            
41671.494  961.90002            
41765.353  959.40002            
41859.199  963.70001            
41953.033  959.79999            
42046.854  961            
42140.662  961.59998            
42234.458  966            
42328.242  956            
42422.012  954.90002            
42515.77  959.5            
42609.516  962.70001            
42703.248  963.70001            
42796.969  957.90002            
42890.676  958.70001            
42984.371  960.20001            
43078.054  956.20001            
43171.723  959.90002            
43265.38  959.5            
43359.025  961            
43452.657  958.5            
43546.276  958.09998            
43639.883  961.70001            
43733.477  960.09998            
43827.059  957.79999            
43920.628  956.09998            
44014.184  961.59998            
44107.728  960.90002            
44201.259  956.20001            
44294.778  955.90002            
44388.284  954.5            
44481.777  959.20001            
44575.258  951.59998            
44668.727  945.70001            
44762.182  946.40002            
44855.625  954.5            
44949.056  958.70001            
45042.474  959.09998            
45135.879  955.59998            
45229.272  954.70001            
45322.652  953.29999            
45416.02  952.59998            
45509.375  957.5            
45602.718  954.70001            
45696.048  953.09998            
45789.365  954.09998            
45882.67  955.5            
45975.963  952.40002            
46069.242  953.29999            
46162.509  954.20001            
46255.764  953.20001            
46349.006  958.20001            
46442.236  956.5            
46535.453  965            
46628.657  952.59998            
46721.849  957.20001            
46815.028  962.20001            
46908.195  959.20001            
47001.349  959.20001            
47094.491  959.90002            
47187.62  959            
47280.737  960.59998            
47373.841  957.40002            
47466.933  962.5            
47560.012  963.09998            
47653.078  960.20001            
47746.132  967.70001            
47839.173  965.5            
47932.202  964.79999            
48025.219  962.5            
48118.222  964.5            
48211.214  967.20001            
48304.192  973.70001            
48397.159  967.09998            
48490.112  958.40002            
48583.054  959.5            
48675.982  967.79999            
48768.898  970            
48861.802  968.09998            
48954.693  964.79999            
49047.572  963.29999            
49140.438  977.09998            
49233.292  977.09998            
49326.133  969.59998            
49418.961  974            
49511.777  976.09998            
49604.581  967.70001            
49697.372  964.09998            
49790.15  970.09998            
49882.917  967            
49975.67  969.90002            
50068.411  976.20001            
50161.14  976.79999            
50253.856  977.29999            
50346.559  974.79999            
50439.25  981.20001            
50531.929  969            
50624.595  979.70001            
50717.249  976.29999            
50809.89  981.79999            
50902.519  981.20001            
50995.135  974.5            
51087.738  983.90002            
51180.33  984.79999            
51272.908  978.40002            
51365.475  980.5            
51458.028  978.09998            
51550.57  972.90002            
51643.099  975.59998            
51735.615  984            
51828.119  984.59998            
51920.61  986.59998            
52013.089  982.20001            
52105.556  973.20001            
52198.01  975.70001            
52290.451  989.09998            
52382.88  991.90002            
52475.297  991.70001            
52567.701  983.29999            
52660.093  975.20001            
52752.472  988.20001            
52844.839  993.59998            
52937.193  991.40002            
53029.535  989.29999            
53121.864  980.90002            
53214.181  979.5            
53306.486  991.09998            
53398.778  990.40002            
53491.058  986.29999            
53583.325  985            
53675.58  990.29999            
53767.822  990.59998            
53860.052  982.70001            
53952.269  981.70001            
54044.474  985.79999            
54136.667  989.20001            
54228.847  988.90002            
54321.015  987.29999            
54413.17  995.59998            
54505.313  993.79999            
54597.443  988.09998            
54689.561  987.20001            
54781.667  986.5            
54873.76  988            
54965.841  987.59998            
55057.909  981.90002            
55149.965  978.09998            
55242.008  973.79999            
55334.039  977.90002            
55426.058  975.29999            
55518.064  983.59998            
55610.058  985            
55702.039  982.70001            
55794.008  983.40002            
55885.965  980.79999            
55977.909  979.59998            
56069.841  982            
56161.76  978.40002            
56253.667  986.59998            
56345.562  979.29999            
56437.444  978.20001            
56529.314  974.5            
56621.171  979.20001            
56713.016  978.59998            
56804.849  988.09998            
56896.669  981.59998            
56988.477  981.09998            
57080.272  979.5            
57172.055  978.09998            
57263.826  984.20001            
57355.584  986.40002            
57447.33  984.79999            
57539.063  978            
57630.784  984.09998            
57722.493  985.5            
57814.189  987.09998            
57905.873  972.90002            
57997.545  977.59998            
58089.204  984.70001            
58180.851  982.70001            
58272.485  984.70001            
58364.108  980.09998            
58455.717  984.90002            
58547.315  983.59998            
58638.9  977.29999            
58730.472  979.5            
58822.032  982.40002            
58913.58  983.5            
59005.116  983.20001            
59096.639  979.09998            
59188.15  981.90002            
59279.648  988.90002            
59371.134  988            
59462.608  983.90002            
59554.07  982            
59645.519  990.20001            
59736.955  992.70001            
59828.38  985.5            
59919.792  980.40002            
60011.191  988.40002            
60102.579  983.5            
60193.954  983.40002            
60285.316  987.70001            
60376.667  985.90002            
60468.005  988.90002            
60559.33  984.5            
60650.644  991.20001            
60741.945  996            
60833.233  988.59998            
60924.51  990.20001            
61015.774  994.40002            
61107.025  993.20001            
61198.265  995.5            
61289.492  999.20001            
61380.706  995.20001            
61471.909  1001.6            
61563.099  1005.3            
61654.276  995.29999            
61745.442  998.70001            
61836.595  1001.6            
61927.736  999            
62018.864  995.09998            
62109.98  993.79999            
62201.084  999            
62292.175  997.29999            
62383.255  1001.5            
62474.322  1002.4            
62565.376  1022.6            
62656.418  1014.5            
62747.448  1010.1            
62838.466  1008.2            
62929.472  1004.2            
63020.465  1000.4            
63111.445  1000.7            
63202.414  1006.1            
63293.37  1014.7            
63384.314  1007.2            
63475.246  1008.2            
63566.165  1013.2            
63657.072  1011.2            
63747.967  1013.2            
63838.849  1006.4            
63929.719  1013.9            
64020.577  1017.7            
64111.423  1012.5            
64202.256  1013.2            
64293.077  1010.1            
64383.886  1009.3            
64474.683  1004.4            
64565.467  1008.4            
64656.239  1006.3            
64746.999  1003.1            
64837.746  1009            
64928.481  1004            
65019.204  998.29999            
65109.915  993.79999            
65200.613  992.90002            
65291.299  987.5            
65381.973  988.40002            
65472.635  989            
65563.284  983.70001            
65653.921  974.29999            
65744.546  965            
65835.158  970.5            
65925.759  967.90002            
66016.347  965.90002            
66106.922  969.59998            
66197.486  973            
66288.037  967            
66378.576  959.59998            
66469.103  952.29999            
66559.618  950.09998            
66650.12  954.5            
66740.61  961.40002            
66831.088  954.90002            
66921.553  947.29999            
67012.007  946.5            
67102.448  949.70001            
67192.877  947.5            
67283.293  946.29999            
67373.698  947.5            
67464.09  944.29999            
67554.47  940.59998            
67644.838  939.70001            
67735.193  937.40002            
67825.537  941            
67915.868  941.59998            
68006.187  942            
68096.493  937.29999            
68186.788  938.5            
68277.07  932            
68367.34  933.40002            
68457.598  935.5            
68547.843  933.20001            
68638.076  934.70001            
68728.298  934.79999            
68818.507  933.29999            
68908.703  931.40002            
68998.888  932.40002            
69089.06  932.59998            
69179.22  935.09998            
69269.368  932.5            
69359.504  928.40002            
69449.627  928.59998            
69539.739  929.29999            
69629.838  927.40002            
69719.925  928.40002            
69809.999  930.90002            
69900.062  927.90002            
69990.112  926.59998            
70080.15  920.70001            
70170.176  926.59998            
70260.19  926.79999            
70350.192  922.29999            
70440.181  927.5            
70530.158  923.79999            
70620.123  925.90002            
70710.076  927.70001            
70800.017  922.29999            
70889.945  921.79999            
70979.862  925            
71069.766  925.5            
71159.658  921.29999            
71249.538  919.90002            
71339.405  917.20001            
71429.261  922.90002            
71519.104  924.90002            
71608.935  925.5            
71698.754  919.79999            
71788.561  919            
71878.356  919.29999            
71968.138  916.79999            
72057.909  920.29999            
72147.667  919.5            
72237.413  918.09998            
72327.147  920.40002            
72416.869  918.90002            
72506.578  918.59998            
72596.276  916.59998            
72685.961  918.20001            
72775.634  923.29999            
72865.295  923.70001            
72954.944  920.79999            
73044.58  923.90002            
73134.205  918.90002            
73223.817  923            
73313.418  917.09998            
73403.006  916            
73492.582  913.5            
73582.146  919.70001            
73671.697  919.40002            
73761.237  911            
73850.764  911.79999            
73940.28  911.90002            
74029.783  914.79999            
74119.274  913.59998            
74208.753  909.70001            
74298.22  908.40002            
74387.675  909.5            
74477.117  910.09998            
74566.548  916            
74655.966  911.5            
74745.372  907.70001            
74834.766  911.20001            
74924.148  909.59998            
75013.518  914.29999            
75102.876  910.5            
75192.222  913.40002            
75281.555  912.09998            
75370.877  912.09998            
75460.186  910.20001            
75549.483  910.79999            
75638.769  916            
75728.042  912.29999            
75817.302  913.20001            
75906.551  910.90002            
75995.788  909.5            
76085.013  913.09998            
76174.225  907.79999            
76263.426  910.40002            
76352.614  911.59998            
76441.79  908.29999            
76530.955  905.40002            
76620.107  905.29999            
76709.247  906.09998            
76798.375  909.59998            
76887.491  904.79999            
76976.594  905.40002            
77065.686  904.90002            
77154.766  902            
77243.833  912            
77332.889  903.29999            
77421.932  901.20001            
77510.963  906.59998            
77599.982  902.90002            
77688.99  900.90002            
77777.985  904.29999            
77866.968  908            
77955.939  906.90002            
78044.898  909            
78133.844  906.29999            
78222.779  901.70001            
78311.702  901.29999            
78400.612  902.20001            
78489.511  914.40002            
78578.398  908.20001            
78667.272  909            
78756.134  907.79999            
78844.985  906.40002            
78933.823  910.40002            
79022.649  912.09998            
79111.464  909            
79200.266  904.90002            
79289.056  902.79999            
79377.834  899.40002            
79466.6  899.40002            
79555.354  898            
79644.096  903            
79732.826  900.59998            
79821.544  899.70001            
79910.249  899.20001            
79998.943  902.5            
80087.625  897.20001            
80176.295  900.59998            
80264.952  901.70001            
80353.598  906.40002            
80442.232  904.20001            
80530.853  898.20001            
80619.463  896.5            
80708.061  897.79999            
80796.646  903.79999            
80885.22  902.5            
80973.781  904            
81062.331  896.40002            
81150.868  900.90002            
81239.393  903.09998            
81327.907  904.20001            
81416.408  904.29999            
81504.898  903.29999            
81593.375  903.90002            
81681.84  900.59998            
81770.294  903.29999            
81858.735  902.79999            
81947.165  897.20001            
82035.582  899.5            
82123.987  899.90002            
82212.381  897.09998            
82300.762  894.09998            
82389.131  890.09998            
82477.489  893.5            
82565.834  891.29999            
82654.167  896.40002            
82742.489  898.5            
82830.798  901.59998            
82919.096  896.20001            
83007.381  895.79999            
83095.654  898.20001            
83183.916  897.70001            
83272.165  895.59998            
83360.403  893.40002            
83448.628  897.09998            
83536.842  898.59998            
83625.043  897.59998            
83713.233  898.40002            
83801.41  895.09998            
83889.576  896.5            
83977.73  898.09998            
84065.871  901.29999            
84154.001  899.90002            
84242.119  893.29999            
84330.224  896.09998            
84418.318  894.20001            
84506.4  896.09998            
84594.47  895            
84682.528  893.79999            
84770.574  894.5            
84858.608  897.40002            
84946.63  894.40002            
85034.64  896.40002            
85122.638  890.09998            
85210.624  893.59998            
85298.598  893            
85386.56  889.70001            
85474.511  886.90002            
85562.449  895.20001            
85650.375  893            
85738.29  891.90002            
85826.192  890.09998            
85914.083  894.90002            
86001.961  893.29999            
86089.828  889.20001            
86177.683  894            
86265.526  896.40002            
86353.356  891.20001            
86441.175  889.09998            
86528.982  894.09998            
86616.777  892.59998            
86704.561  890.90002            
86792.332  889.90002            
86880.091  889.79999            
86967.838  894.5            
87055.574  889.90002            
87143.297  887.20001            
87231.009  887.20001            
87318.708  890.40002            
87406.396  889.29999            
