5.20 100             
x       y           
[m<sup>-1</sup>]     [CCD cts]         
4890.9888  785.56            
4989.7757  785.63            
5088.5495  785.46002            
5187.31  785.59003            
5286.0574  785.5            
5384.7916  785.63            
5483.5126  785.63            
5582.2204  785.63            
5680.9151  785.45001            
5779.5966  785.66998            
5878.2649  785.58002            
5976.92  785.83002            
6075.562  785.62            
6174.1908  785.52002            
6272.8065  785.79999            
6371.4089  785.5            
6469.9982  785.59998            
6568.5744  785.5            
6667.1373  785.59003            
6765.6872  785.84998            
6864.2238  785.58002            
6962.7473  785.59003            
7061.2577  785.47998            
7159.7549  785.51001            
7258.2389  785.63            
7356.7098  785.54999            
7455.1675  785.63            
7553.6121  785.47998            
7652.0435  785.59998            
7750.4618  785.62            
7848.867  785.58002            
7947.259  785.72998            
8045.6379  785.39001            
8144.0036  785.47998            
8242.3562  785.67999            
8340.6957  785.64001            
8439.022  785.54999            
8537.3352  785.62            
8635.6352  785.75            
8733.9221  785.75            
8832.1959  785.77002            
8930.4566  785.70001            
9028.7042  785.78003            
9126.9386  785.85999            
9225.1599  785.98999            
9323.3681  786.10999            
9421.5631  786.48999            
9519.745  787.04999            
9617.9139  789.83002            
9716.0696  788.98999            
9814.2122  790.44            
9912.3416  794.09003            
10010.458  801.39001            
10108.561  815.95001            
10206.651  842.35999            
10304.728  879.84003            
10402.792  924.81            
10500.843  963.47998            
10598.881  976.27002            
10696.906  965.79999            
10794.917  950.96997            
10892.916  937.52002            
10990.901  929.78003            
11088.873  926.70001            
11186.832  926.87            
11284.778  931.78998            
11382.711  941.27002            
11480.631  955.14001            
11578.538  972.09003            
11676.432  984.47998            
11774.312  990.41998            
11872.18  989.52002            
11970.034  994.10999            
12067.876  999.94            
12165.704  996.34003            
12263.519  995.90997            
12361.322  989.78998            
12459.111  980.57001            
12556.887  980.08002            
12654.65  979.78998            
12752.399  977.57001            
12850.136  976.39001            
12947.86  975.48999            
13045.571  979.21002            
13143.268  977.26001            
13240.953  971.72998            
13338.624  974.77002            
13436.283  987.71002            
13533.928  990.82001            
13631.56  988.29999            
13729.18  987.04999            
13826.786  989.98999            
13924.379  993.32001            
14021.959  991.12            
14119.526  991.66998            
14217.08  996.54999            
14314.621  999.67999            
14412.149  998.89001            
14509.664  993.84003            
14607.166  995.23999            
14704.655  1001.14            
14802.13  998.65997            
14899.593  998.32001            
14997.043  996.69            
15094.479  993.79999            
15191.903  998.27002            
15289.314  991.59998            
15386.711  993.44            
15484.096  993.78998            
15581.467  987.09003            
15678.826  982.45001            
15776.171  981.34998            
15873.504  978.03003            
15970.823  979.52002            
16068.13  972.13            
16165.423  969.48999            
16262.703  969.91998            
16359.971  973.27002            
16457.225  977.90997            
16554.466  978.91998            
16651.695  973.81            
16748.91  968.09003            
16846.112  969.75            
16943.302  971.34003            
17040.478  972.42999            
17137.641  974.69            
17234.792  971.5            
17331.929  968.78003            
17429.053  964.15002            
17526.165  961.75            
17623.263  964.42999            
17720.348  961.19            
17817.42  960.63            
17914.48  961.5            
18011.526  963.57001            
18108.56  970.06            
18205.58  969.41998            
18302.587  965.97998            
18399.582  963.29999            
18496.563  962.73999            
18593.532  965.07001            
18690.487  966.54999            
18787.43  963.72998            
18884.359  962.26001            
18981.276  961.95001            
19078.179  963.60999            
19175.07  966.54999            
19271.947  972.20001            
19368.812  972.82001            
19465.664  972.59998            
19562.503  970.81            
19659.328  966.47998            
19756.141  971.08002            
19852.941  978.21997            
19949.728  979.41998            
20046.502  978.78998            
20143.263  976.20001            
20240.011  972.31            
20336.746  974.15002            
20433.468  980.28003            
20530.177  985.46997            
20626.873  983.48999            
20723.557  982.65002            
20820.227  983.58002            
20916.884  985            
21013.529  981.98999            
21110.16  977.91998            
21206.779  978.29999            
21303.384  987.89001            
21399.977  993.10999            
21496.557  995.23999            
21593.124  995            
21689.677  995.40002            
21786.218  998.12            
21882.746  992.58002            
21979.261  989.75            
22075.764  981.54999            
22172.253  977.92999            
22268.729  973.71002            
22365.193  977.22998            
22461.643  974.60999            
22558.081  974.76001            
22654.505  975.37            
22750.917  979.63            
22847.316  977.85999            
22943.702  972.51001            
23040.075  967.28998            
23136.435  966.26001            
23232.782  968.51001            
23329.116  968.94            
23425.437  970.09003            
23521.746  966.71002            
23618.041  963.01001            
23714.324  961.37            
23810.594  958.15002            
23906.85  956.60999            
24003.094  958.33002            
24099.325  957.78998            
24195.544  956.23999            
24291.749  955.01001            
24387.941  960.01001            
24484.121  966.19            
24580.287  966.19            
24676.441  963.96002            
24772.582  958.69            
24868.71  957.04999            
24964.825  963.42999            
25060.927  966.13            
25157.016  966.09998            
25253.092  961.98999            
25349.156  960.83002            
25445.207  959.42999            
25541.244  959.41998            
25637.269  963.34003            
25733.281  965.91998            
25829.281  960.5            
25925.267  964            
26021.24  970.59003            
26117.201  971.87            
26213.148  968.16998            
26309.083  970.71002            
26405.005  969.54999            
26500.914  969.90002            
26596.811  971.03003            
26692.694  978.17999            
26788.565  976.64001            
26884.422  981.53998            
26980.267  982.54999            
27076.099  986.81            
27171.918  991.59003            
27267.725  996.88            
27363.518  1003.04            
27459.299  1013.4            
27555.066  1014.57            
27650.821  1021.76            
27746.563  1018.94            
27842.293  1024.74            
27938.009  1029.84            
28033.713  1031.05            
28129.403  1036.46            
28225.081  1047.22            
28320.746  1049.72            
28416.399  1043.5699            
28512.038  1050.02            
28607.665  1056.05            
28703.278  1061.08            
28798.879  1063.4            
28894.467  1060.95            
28990.043  1050.4301            
29085.605  1050.83            
29181.155  1060.61            
29276.692  1056.37            
29372.216  1053.72            
29467.727  1046.28            
29563.225  1039.02            
29658.711  1037.12            
29754.184  1034.45            
29849.644  1033.61            
29945.091  1023.48            
30040.525  1007.42            
30135.947  993.45001            
30231.355  989.77002            
30326.751  986.67999            
30422.134  986.34998            
30517.505  985.23999            
30612.862  984.33002            
30708.207  984.76001            
30803.539  977.88            
30898.858  976.54999            
30994.165  976.39001            
31089.458  970.71002            
31184.739  972.94            
31280.007  972.59003            
31375.262  970.41998            
31470.505  964.98999            
31565.734  962.67999            
31660.951  966.77002            
31756.156  968.62            
31851.347  971.28998            
31946.525  967.57001            
32041.691  969.88            
32136.844  970.77002            
32231.984  974.42999            
32327.112  978.71002            
32422.227  975.46997            
32517.329  970.09998            
32612.418  974.82001            
32707.494  979.90997            
32802.558  980.01001            
32897.609  977.84998            
32992.647  974.17999            
33087.672  971.89001            
33182.685  973.87            
33277.685  972.32001            
33372.672  981.64001            
33467.646  982.56            
33562.608  981.44            
33657.557  978.22998            
33752.493  976.27002            
33847.416  980.75            
33942.327  978.15002            
34037.224  979.89001            
34132.11  979.95001            
34226.982  984.16998            
34321.842  984.62            
34416.689  980.70001            
34511.523  975.03003            
34606.344  972.79999            
34701.153  971.65997            
34795.949  964.98999            
34890.732  961.16998            
34985.503  964.75            
35080.26  964.83002            
35175.005  961            
35269.738  956.76001            
35364.457  952.87            
35459.164  951.16998            
35553.858  952.17999            
35648.54  955.39001            
35743.208  955.34998            
35837.865  953.10999            
35932.508  950.94            
36027.138  945.40997            
36121.756  940.21002            
36216.361  938.09998            
36310.954  940.90002            
36405.534  942.92999            
36500.101  937.21002            
36594.655  935.19            
36689.197  941.71002            
36783.726  947.28003            
36878.242  944.09998            
36972.745  938.15002            
37067.236  938.64001            
37161.714  940.08002            
37256.18  936.15002            
37350.632  935.51001            
37445.072  938.20001            
37539.5  936.34003            
37633.915  936.22998            
37728.316  940.59998            
37822.706  939.45001            
37917.082  936.39001            
38011.446  934.66998            
38105.798  940.56            
38200.136  940.15997            
38294.462  936.96997            
38388.775  936.59998            
38483.076  936.92999            
38577.364  936.46997            
38671.639  933.92999            
38765.901  934.06            
38860.151  937.37            
38954.388  937.34998            
39048.613  939.33002            
39142.825  938.87            
39237.024  937.5            
39331.211  935.90997            
39425.384  935.19            
39519.546  934.75            
39613.694  933.87            
39707.83  938.16998            
39801.953  941.04999            
39896.064  937.15997            
39990.162  938.40997            
40084.247  937.91998            
40178.32  937.59003            
40272.38  943.14001            
40366.427  943.31            
40460.462  941.26001            
40554.484  944.28998            
40648.493  941.66998            
40742.49  938.53998            
40836.474  938.69            
40930.446  938.97998            
41024.404  941.96997            
41118.351  941.35999            
41212.284  937.72998            
41306.205  933.91998            
41400.113  940.63            
41494.009  945.72998            
41587.892  944.39001            
41681.763  943.44            
41775.62  937.78003            
41869.466  935.97998            
41963.298  934.67999            
42057.118  937.53003            
42150.925  934.97998            
42244.72  937.34003            
42338.502  938.85999            
42432.272  936.75            
42526.029  939.16998            
42619.773  939.59998            
42713.504  933.62            
42807.223  933.09998            
42900.93  935.90997            
42994.624  940            
43088.305  940.48999            
43181.973  939.13            
43275.629  939.14001            
43369.273  940.91998            
43462.904  938.25            
43556.522  939            
43650.127  936.67999            
43743.72  932.48999            
43837.301  926.01001            
43930.869  929.37            
44024.424  938.09998            
44117.967  938.92999            
44211.497  935.64001            
44305.014  931.81            
44398.519  937.71002            
44492.011  939.22998            
44585.491  939.09003            
44678.958  934.78998            
44772.413  935.02002            
44865.855  937.53998            
44959.284  936.64001            
45052.701  935.81            
45146.105  934.67999            
45239.497  938.34003            
45332.876  932.09003            
45426.243  930.48999            
45519.597  934.34998            
45612.938  935.16998            
45706.267  931.85999            
45799.583  929.15997            
45892.887  931.87            
45986.178  936.34003            
46079.457  940.42999            
46172.723  942.09003            
46265.976  940.57001            
46359.217  933.78003            
46452.445  933.02002            
46545.661  935.41998            
46638.865  938.21002            
46732.055  941.29999            
46825.233  940.59998            
46918.399  939.92999            
47011.552  935.78003            
47104.693  932.71002            
47197.821  938.94            
47290.936  942.22998            
47384.039  938.76001            
47477.13  940.59998            
47570.207  941.32001            
47663.273  940.91998            
47756.325  941.31            
47849.366  942.47998            
47942.393  941.79999            
48035.409  940.41998            
48128.411  937.25            
48221.401  938.10999            
48314.379  944.17999            
48407.344  946.17999            
48500.297  942.19            
48593.237  944.65997            
48686.164  945.39001            
48779.079  947.12            
48871.982  945.77002            
48964.872  941.96997            
49057.749  938.60999            
49150.614  939.07001            
49243.467  941.46997            
49336.307  945.69            
49429.134  943.09003            
49521.949  945.14001            
49614.751  946.77002            
49707.541  942.69            
49800.319  942.81            
49893.084  945.32001            
49985.836  945.52002            
50078.576  946.22998            
50171.303  947.45001            
50264.018  947.5            
50356.721  945.71002            
50449.411  945.84998            
50542.088  947.25            
50634.753  950.09998            
50727.406  949.96997            
50820.046  948.51001            
50912.673  942.92999            
51005.288  944.67999            
51097.891  947.41998            
51190.481  947.90002            
51283.058  947.84998            
51375.623  945.59998            
51468.176  944.35999            
51560.716  945.45001            
51653.244  950.42999            
51745.759  950.14001            
51838.262  949.54999            
51930.752  949.27002            
52023.23  952.65002            
52115.695  952.91998            
52208.148  952.10999            
52300.589  952.64001            
52393.016  950.29999            
52485.432  950.10999            
52577.835  955.73999            
52670.226  953.77002            
52762.604  950.76001            
52854.969  952.5            
52947.323  952.84003            
53039.663  954.21002            
53131.992  957.78003            
53224.307  955.19            
53316.611  950.15002            
53408.902  953.22998            
53501.18  953.25            
53593.446  953.35999            
53685.7  952.35999            
53777.941  952.77002            
53870.17  951.39001            
53962.386  950.64001            
54054.59  950.07001            
54146.782  953.27002            
54238.961  952.97998            
54331.127  951.08002            
54423.281  951.87            
54515.423  955.34998            
54607.552  957.29999            
54699.669  957.42999            
54791.774  954.19            
54883.866  948.70001            
54975.945  947.84998            
55068.012  943.66998            
55160.067  947.01001            
55252.109  957.83002            
55344.139  959.71002            
55436.157  958.75            
55528.162  959.91998            
55620.155  957.53003            
55712.135  955.60999            
55804.103  952.42999            
55896.058  948.39001            
55988.001  950.46002            
56079.932  954.90002            
56171.85  952.13            
56263.756  955.73999            
56355.649  959.13            
56447.53  955.35999            
56539.399  954.63            
56631.255  956.98999            
56723.099  958.62            
56814.93  959.90997            
56906.749  957.72998            
56998.556  959.59998            
57090.35  955.42999            
57182.132  953.27002            
57273.902  953.92999            
57365.659  959.39001            
57457.404  963.28998            
57549.136  963.14001            
57640.856  959.92999            
57732.563  963.10999            
57824.259  965.02002            
57915.941  962.60999            
58007.612  961.59998            
58099.27  961.65997            
58190.916  960.12            
58282.549  960.21997            
58374.17  962.09003            
58465.779  958.79999            
58557.375  958.96997            
58648.959  955.10999            
58740.53  954.54999            
58832.089  960.48999            
58923.636  966.84998            
59015.171  967.20001            
59106.693  969.66998            
59198.202  973.65997            
59289.7  972.71997            
59381.185  969.96002            
59472.657  964.94            
59564.118  967.28003            
59655.565  970.51001            
59747.001  976.20001            
59838.424  974.67999            
59929.835  972.33002            
60021.234  973.42999            
60112.62  973.03003            
60203.994  978.21002            
60295.355  978.62            
60386.704  975.66998            
60478.041  974.07001            
60569.366  981.58002            
60660.678  984.71002            
60751.978  988.19            
60843.265  990.67999            
60934.541  991.53003            
61025.803  992.96002            
61117.054  996.91998            
61208.292  997.47998            
61299.518  997            
61390.732  998.96997            
61481.933  1000.96            
61573.122  1004.32            
61664.298  1008.33            
61755.463  1003.58            
61846.615  1000.73            
61937.754  1006.96            
62028.881  1008.27            
62119.996  1004.33            
62211.099  1007.93            
62302.19  1011.86            
62393.268  1011.49            
62484.333  1013.85            
62575.387  1017.22            
62666.428  1017.39            
62757.457  1018.75            
62848.474  1010.81            
62939.478  1009.38            
63030.47  1016.6            
63121.449  1010.77            
63212.417  1004.14            
63303.372  1006.07            
63394.315  1005.82            
63485.245  1002.05            
63576.163  1002.96            
63667.069  1000.02            
63757.963  996.94            
63848.844  992.15997            
63939.713  993.19            
64030.57  992.31            
64121.415  987.95001            
64212.247  982.40002            
64303.067  984.65002            
64393.875  984.25            
64484.67  983.03003            
64575.453  975.34003            
64666.224  975.34998            
64756.983  978.66998            
64847.729  978.39001            
64938.463  977.71997            
65029.185  977.67999            
65119.894  976.96997            
65210.591  973.54999            
65301.276  975.04999            
65391.949  976.54999            
65482.61  978.5            
65573.258  975            
65663.894  976.5            
65754.517  977.29999            
65845.129  972.77002            
65935.728  969.52002            
66026.315  974.59003            
66116.89  979.78003            
66207.452  977.97998            
66298.002  976.82001            
66388.54  975.17999            
66479.066  977.26001            
66569.579  974.77002            
66660.08  977.53003            
66750.569  982.84003            
66841.046  987.09003            
66931.511  986.09998            
67021.963  987.38            
67112.403  990.48999            
67202.831  993.83002            
67293.246  999.21002            
67383.65  1011.46            
67474.041  1011.64            
67564.42  1010.06            
67654.786  1012.69            
67745.141  1020.35            
67835.483  1021.03            
67925.813  1012.91            
68016.13  1017.3            
68106.436  1018.75            
68196.729  1027.11            
68287.01  1024.9301            
68377.279  1011.85            
68467.536  1001.47            
68557.78  1002.83            
68648.013  1002.94            
68738.233  994.94            
68828.44  988.15002            
68918.636  980.69            
69008.819  976.25            
69098.991  973.95001            
69189.15  966.65002            
69279.296  967.13            
69369.431  969.28003            
69459.553  966.34998            
69549.664  957.40997            
69639.762  951.34003            
69729.848  950.71002            
69819.921  947.40997            
69909.983  945.5            
70000.032  941.10999            
70090.069  934.15997            
70180.094  932.77002            
70270.106  929.15997            
70360.107  927.78998            
70450.095  929.81            
70540.071  930.03998            
70630.035  923.44            
70719.987  921.94            
70809.927  921.03003            
70899.854  921.75            
70989.769  918.25            
71079.672  917.82001            
71169.563  920.17999            
71259.442  920.39001            
71349.308  918.85999            
71439.163  917.66998            
71529.005  916.62            
71618.835  916.51001            
71708.653  917.83002            
71798.459  916.88            
71888.252  919.78998            
71978.034  916.96002            
72067.803  914.14001            
72157.56  914.77002            
72247.305  913.01001            
72337.038  913.13            
72426.758  913.87            
72516.467  910.17999            
72606.163  908.01001            
72695.847  905.40997            
72785.519  904.84003            
72875.179  905.71002            
72964.827  909.27002            
73054.463  912.08002            
73144.086  903.35999            
73233.697  896.85999            
73323.297  897.72998            
73412.884  899.98999            
73502.458  902.25            
73592.021  900.70001            
73681.572  902.21997            
73771.11  907.47998            
73860.637  903.76001            
73950.151  899.87            
74039.653  898.94            
74129.143  899.42999            
74218.621  897.91998            
74308.087  897.87            
74397.54  900.81            
74486.982  902.57001            
74576.411  897.76001            
74665.828  893.10999            
74755.234  893.71997            
74844.627  894.66998            
74934.008  896.03998            
75023.376  896.46997            
75112.733  896.39001            
75202.078  897.40997            
75291.41  895.76001            
75380.73  893.71002            
75470.039  893.03003            
75559.335  891.44            
75648.619  891.34998            
75737.891  892.57001            
75827.151  890.94            
75916.398  889.13            
76005.634  888.97998            
76094.858  891.17999            
76184.069  889.87            
76273.269  886.88            
76362.456  887.09998            
76451.631  889.34003            
76540.794  888.90997            
76629.945  887.57001            
76719.084  889.34998            
76808.211  887.75            
76897.326  887.71002            
76986.428  887.23999            
77075.519  887.56            
77164.597  886.03003            
77253.664  882.60999            
77342.718  884.67999            
77431.761  886.91998            
77520.791  888.20001            
77609.809  887.88            
77698.815  886.06            
77787.809  884.77002            
77876.791  885.15997            
77965.761  884.65002            
78054.719  885.83002            
78143.664  883.79999            
78232.598  882.40002            
78321.52  882.65002            
78410.429  883.03998            
78499.327  883.59003            
78588.212  882.84998            
78677.085  883.19            
78765.947  885.23999            
78854.796  886.17999            
78943.633  884.84998            
79032.458  880.73999            
79121.272  882.06            
79210.073  883.34998            
79298.862  881.71997            
79387.639  883.20001            
79476.404  885.42999            
79565.156  884.5            
79653.897  886.90997            
79742.626  882.97998            
79831.343  881.78998            
79920.048  883.22998            
80008.74  885.35999            
80097.421  884.63            
80186.09  883.07001            
80274.746  877.78003            
80363.391  880.12            
80452.023  883.32001            
80540.644  882.26001            
80629.252  884.96002            
80717.849  885.07001            
80806.433  882.39001            
80895.006  881.65997            
80983.566  882.87            
81072.115  881.91998            
81160.651  880.82001            
81249.175  880.19            
81337.688  878.33002            
81426.188  878.32001            
81514.676  880.32001            
81603.153  881.10999            
81691.617  881.56            
81780.069  881.78003            
81868.51  882.33002            
81956.938  883.29999            
82045.354  880.33002            
82133.758  879.69            
82222.151  878.73999            
82310.531  878.95001            
82398.899  880.03003            
82487.256  880.17999            
82575.6  879.27002            
82663.932  878.60999            
