 2.10             
x       y           
[m<sup>-1</sup>]     [CCD cts]         
9028.7042  786.09998            
9126.9386  785.90002            
9225.1599  786.40002            
9323.3681  786.90002            
9421.5631  787.70001            
9519.745  789.29999            
9617.9139  792.20001            
9716.0696  792.90002            
9814.2122  797.5            
9912.3416  805.90002            
10010.458  826.59998            
10108.561  864.20001            
10206.651  927.20001            
10304.728  1026.4            
10402.792  1134.3            
10500.843  1222.2            
10598.881  1248.4            
10696.906  1216.8            
10794.917  1198.5            
10892.916  1170.7            
10990.901  1161.3            
11088.873  1144.2            
11186.832  1143.5            
11284.778  1159.9            
11382.711  1171.1            
11480.631  1183.3            
11578.538  1204.6            
11676.432  1227.7            
11774.312  1254.2            
11872.18  1264.4            
11970.034  1265.6            
12067.876  1259.3            
12165.704  1257            
12263.519  1260.5            
12361.322  1237.2            
12459.111  1207.9            
12556.887  1209.6            
12654.65  1231.7            
12752.399  1209            
12850.136  1189.7            
12947.86  1185.4            
13045.571  1179.6            
13143.268  1182            
13240.953  1172.6            
13338.624  1171.6            
13436.283  1173.3            
13533.928  1178.7            
13631.56  1196.6            
13729.18  1206.6            
13826.786  1221.8            
13924.379  1222            
14021.959  1235.1            
14119.526  1247.8            
14217.08  1252.2            
14314.621  1251.8            
14412.149  1245.7            
14509.664  1249.7            
14607.166  1267.5            
14704.655  1282.5            
14802.13  1301.9            
14899.593  1310.9            
14997.043  1318.5            
15094.479  1302.3            
15191.903  1299.7            
15289.314  1261            
15386.711  1250.9            
15484.096  1245.6            
15581.467  1226.2            
15678.826  1211.2            
15776.171  1196.6            
15873.504  1192.2            
15970.823  1185.6            
16068.13  1182.1            
16165.423  1187.7            
16262.703  1170.1            
16359.971  1179.1            
16457.225  1167            
16554.466  1153.9            
16651.695  1150.5            
16748.91  1150.4            
16846.112  1149.2            
16943.302  1132.4            
17040.478  1133.8            
17137.641  1139.5            
17234.792  1125            
17331.929  1122            
17429.053  1119.4            
17526.165  1126.9            
17623.263  1117.6            
17720.348  1113.8            
17817.42  1129.6            
17914.48  1129.9            
18011.526  1118.6            
18108.56  1110.4            
18205.58  1123            
18302.587  1130.3            
18399.582  1123.7            
18496.563  1133            
18593.532  1127.3            
18690.487  1138.7            
18787.43  1139.1            
18884.359  1135.9            
18981.276  1135            
19078.179  1142.7            
19175.07  1145            
19271.947  1159            
19368.812  1164.8            
19465.664  1160.9            
19562.503  1147.1            
19659.328  1151.6            
19756.141  1157.8            
19852.941  1168.4            
19949.728  1184.2            
20046.502  1178.8            
20143.263  1178.8            
20240.011  1187.8            
20336.746  1188.5            
20433.468  1201.1            
20530.177  1186.3            
20626.873  1187.6            
20723.557  1199.3            
20820.227  1202.9            
20916.884  1207.9            
21013.529  1207.9            
21110.16  1204.3            
21206.779  1223.8            
21303.384  1206.2            
21399.977  1218.7            
21496.557  1245.9            
21593.124  1225.8            
21689.677  1231.8            
21786.218  1220.1            
21882.746  1198            
21979.261  1202.3            
22075.764  1214.1            
22172.253  1206.2            
22268.729  1207.1            
22365.193  1186            
22461.643  1164            
22558.081  1152.3            
22654.505  1150.8            
22750.917  1136.9            
22847.316  1133            
22943.702  1124.2            
23040.075  1108.9            
23136.435  1100.7            
23232.782  1097.5            
23329.116  1108.6            
23425.437  1097.6            
23521.746  1074.5            
23618.041  1067            
23714.324  1066.2            
23810.594  1055.5            
23906.85  1040.2            
24003.094  1049.8            
24099.325  1052.3            
24195.544  1035.4            
24291.749  1030.2            
24387.941  1031.1            
24484.121  1023.8            
24580.287  1026.7            
24676.441  1024.3            
24772.582  1018.8            
24868.71  1024.8            
24964.825  1024.7            
25060.927  1023.1            
25157.016  1020.6            
25253.092  1010.6            
25349.156  1010.1            
25445.207  1015.2            
25541.244  1016.1            
25637.269  1017.9            
25733.281  1010.7            
25829.281  1000.6            
25925.267  1003.7            
26021.24  1001            
26117.201  994.20001            
26213.148  993.09998            
26309.083  998.59998            
26405.005  997            
26500.914  994.20001            
26596.811  990.70001            
26692.694  989.79999            
26788.565  993.79999            
26884.422  999.59998            
26980.267  994.29999            
27076.099  985.90002            
27171.918  991.90002            
27267.725  992.79999            
27363.518  992.70001            
27459.299  988.90002            
27555.066  983.09998            
27650.821  988.59998            
27746.563  986.09998            
27842.293  981.90002            
27938.009  994.09998            
28033.713  990.90002            
28129.403  987.70001            
28225.081  980.90002            
28320.746  978.40002            
28416.399  979.5            
28512.038  986.90002            
28607.665  990.5            
28703.278  989.40002            
28798.879  988            
28894.467  987.29999            
28990.043  976.20001            
29085.605  980.90002            
29181.155  986            
29276.692  996.5            
29372.216  985            
29467.727  973.5            
29563.225  976.79999            
29658.711  986.59998            
29754.184  987.59998            
29849.644  986.79999            
29945.091  987.29999            
30040.525  981.09998            
30135.947  984.5            
30231.355  990.90002            
30326.751  981.20001            
30422.134  975.5            
30517.505  983            
30612.862  978.79999            
30708.207  971.59998            
30803.539  976.40002            
30898.858  977.59998            
30994.165  988.90002            
31089.458  985.90002            
31184.739  974.59998            
31280.007  971.09998            
31375.262  970.29999            
31470.505  975.5            
31565.734  977.09998            
31660.951  979.20001            
31756.156  974.79999            
31851.347  976.59998            
31946.525  974.20001            
32041.691  973            
32136.844  976.59998            
32231.984  980.70001            
32327.112  980.40002            
32422.227  975.40002            
32517.329  974.5            
32612.418  983.59998            
32707.494  982.40002            
32802.558  975.20001            
32897.609  972.5            
32992.647  971.59998            
33087.672  968            
33182.685  977.09998            
33277.685  977.90002            
33372.672  978.59998            
33467.646  975.79999            
33562.608  973            
33657.557  976.59998            
33752.493  977.79999            
33847.416  974.20001            
33942.327  971.20001            
34037.224  967.90002            
34132.11  965.70001            
34226.982  969.79999            
34321.842  971.79999            
34416.689  966.70001            
34511.523  964.70001            
34606.344  972.70001            
34701.153  973.5            
34795.949  970.59998            
34890.732  972.40002            
34985.503  969.20001            
35080.26  971.09998            
35175.005  973.5            
35269.738  979.59998            
35364.457  975            
35459.164  976.09998            
35553.858  970.70001            
35648.54  972.09998            
35743.208  965.20001            
35837.865  973.5            
35932.508  973.59998            
36027.138  974.09998            
36121.756  971.79999            
36216.361  970.79999            
36310.954  966            
36405.534  969.70001            
36500.101  973.09998            
36594.655  979.40002            
36689.197  979.29999            
36783.726  985            
36878.242  976.90002            
36972.745  976.59998            
37067.236  971.20001            
37161.714  970.90002            
37256.18  969.5            
37350.632  975.90002            
37445.072  975            
37539.5  977            
37633.915  982.40002            
37728.316  985.29999            
37822.706  978.09998            
37917.082  978.5            
38011.446  980.20001            
38105.798  982.29999            
38200.136  983.5            
38294.462  980.70001            
38388.775  983.40002            
38483.076  987            
38577.364  978.59998            
38671.639  979.20001            
38765.901  977.5            
38860.151  996.5            
38954.388  991.70001            
39048.613  986.90002            
39142.825  995.29999            
39237.024  997.09998            
39331.211  994            
39425.384  992.29999            
39519.546  990.90002            
39613.694  993.40002            
39707.83  1002.9            
39801.953  1008            
39896.064  997.90002            
39990.162  990.5            
40084.247  998.79999            
40178.32  1000.7            
40272.38  996.29999            
40366.427  997.5            
40460.462  1002.8            
40554.484  1010.6            
40648.493  1017.8            
40742.49  1019.5            
40836.474  1012.2            
40930.446  1006.1            
41024.404  1011.8            
41118.351  1022.3            
41212.284  1017.3            
41306.205  1010.1            
41400.113  1013.5            
41494.009  1008.6            
41587.892  1007.1            
41681.763  1015.9            
41775.62  1016.7            
41869.466  1005.8            
41963.298  1007.3            
42057.118  1010.6            
42150.925  1008.7            
42244.72  1004.7            
42338.502  1016.5            
42432.272  1015.1            
42526.029  1013.3            
42619.773  1022.3            
42713.504  1010.5            
42807.223  1005.8            
42900.93  1007.9            
42994.624  1003.8            
43088.305  1012.7            
43181.973  1016.9            
43275.629  1017.5            
43369.273  1009.9            
43462.904  1002.7            
43556.522  1008.1            
43650.127  1002.5            
43743.72  1006.8            
43837.301  999.40002            
43930.869  1003.5            
44024.424  1000.6            
44117.967  1007.8            
44211.497  1002.4            
44305.014  1001.4            
44398.519  1006.6            
44492.011  1004.8            
44585.491  1003.3            
44678.958  999.29999            
44772.413  992.09998            
44865.855  999.70001            
44959.284  995.09998            
45052.701  1005.9            
45146.105  997.79999            
45239.497  985.90002            
45332.876  987.59998            
45426.243  997.09998            
45519.597  1004.8            
45612.938  1006.8            
45706.267  1002            
45799.583  996.59998            
45892.887  1001.8            
45986.178  996.5            
46079.457  988.59998            
46172.723  1003.7            
46265.976  1008.1            
46359.217  1002.2            
46452.445  1007.8            
46545.661  1019.7            
46638.865  1018.3            
46732.055  1015.3            
46825.233  1002.9            
46918.399  1008.8            
47011.552  1001.5            
47104.693  1005.7            
47197.821  1005.3            
47290.936  1016.7            
47384.039  1017.1            
47477.13  1014.8            
47570.207  1011.9            
47663.273  1013.8            
47756.325  1008.2            
47849.366  1018.5            
47942.393  1023.3            
48035.409  1024.3            
48128.411  1022.1            
48221.401  1019.5            
48314.379  1026.5            
48407.344  1030            
48500.297  1029.1            
48593.237  1033.5            
48686.164  1035.4            
48779.079  1028.8            
48871.982  1017.6            
48964.872  1022.1            
49057.749  1032.6            
49150.614  1048.7            
49243.467  1045.7            
49336.307  1049.5            
49429.134  1048.5            
49521.949  1050            
49614.751  1049            
49707.541  1049.4            
49800.319  1046.9            
49893.084  1039            
49985.836  1046.5            
50078.576  1052.4            
50171.303  1058.8            
50264.018  1052.8            
50356.721  1042.1            
50449.411  1054.1            
50542.088  1045.2            
50634.753  1051.7            
50727.406  1057.8            
50820.046  1060            
50912.673  1053.1            
51005.288  1054.1            
51097.891  1056.8            
51190.481  1059.5            
51283.058  1069.3            
51375.623  1064.5            
51468.176  1060.2            
51560.716  1069            
51653.244  1067.5            
51745.759  1070.8            
51838.262  1082.8            
51930.752  1074.2            
52023.23  1065.6            
52115.695  1079.2            
52208.148  1073.2            
52300.589  1060.7            
52393.016  1057.4            
52485.432  1070.5            
52577.835  1068.5            
52670.226  1063.6            
52762.604  1069.3            
52854.969  1085            
52947.323  1082.1            
53039.663  1084.5            
53131.992  1075            
53224.307  1075.1            
53316.611  1066.6            
53408.902  1070.7            
53501.18  1076.4            
53593.446  1079.8            
53685.7  1085.8            
53777.941  1068.9            
53870.17  1067.6            
53962.386  1071.1            
54054.59  1074.6            
54146.782  1074.4            
54238.961  1065.8            
54331.127  1068.3            
54423.281  1074.8            
54515.423  1070.8            
54607.552  1069.8            
54699.669  1058.3            
54791.774  1053.2            
54883.866  1048.9            
54975.945  1042.7            
55068.012  1043            
55160.067  1049.7            
55252.109  1054.1            
55344.139  1060.4            
55436.157  1063.2            
55528.162  1060.1            
55620.155  1055.9            
55712.135  1049            
55804.103  1054.1            
55896.058  1059.1            
55988.001  1047.4            
56079.932  1041.1            
56171.85  1044.5            
56263.756  1046.4            
56355.649  1049.9            
56447.53  1052.4            
56539.399  1058.8            
56631.255  1055.3            
56723.099  1051            
56814.93  1049.3            
56906.749  1053.6            
56998.556  1057.6            
57090.35  1052.3            
57182.132  1051.8            
57273.902  1048.5            
57365.659  1058.4            
57457.404  1069.5            
57549.136  1058.8            
57640.856  1057.3            
57732.563  1059.9            
57824.259  1063.6            
57915.941  1063.4            
58007.612  1067.9            
58099.27  1063.1            
58190.916  1071.5            
58282.549  1066.8            
58374.17  1064.1            
58465.779  1063.6            
58557.375  1070.5            
58648.959  1061            
58740.53  1055.3            
58832.089  1065.9            
58923.636  1077.6            
59015.171  1075.7            
59106.693  1063.7            
59198.202  1063.4            
59289.7  1071.6            
59381.185  1071.2            
59472.657  1073.1            
59564.118  1079.1            
59655.565  1095.5            
59747.001  1101.5            
59838.424  1100.4            
59929.835  1092            
60021.234  1084.2            
60112.62  1092.3            
60203.994  1083            
60295.355  1087            
60386.704  1102.6            
60478.041  1104.5            
60569.366  1103.3            
60660.678  1103.1            
60751.978  1107.1            
60843.265  1113            
60934.541  1110.5            
61025.803  1114.4            
61117.054  1112.7            
61208.292  1108.6            
61299.518  1107.6            
61390.732  1114            
61481.933  1124.9            
61573.122  1129.5            
61664.298  1133.4            
61755.463  1134            
61846.615  1130.5            
61937.754  1123.6            
62028.881  1124.1            
62119.996  1123.5            
62211.099  1140.7            
62302.19  1144.9            
62393.268  1132.6            
62484.333  1131.3            
62575.387  1136.2            
62666.428  1149.7            
62757.457  1142.6            
62848.474  1164.5            
62939.478  1174.7            
63030.47  1167.4            
63121.449  1149.2            
63212.417  1143.1            
63303.372  1149.3            
63394.315  1155.2            
63485.245  1160.4            
63576.163  1155.1            
63667.069  1157            
63757.963  1156.4            
63848.844  1150.1            
63939.713  1145.1            
64030.57  1152            
64121.415  1145.4            
64212.247  1151.3            
64303.067  1157.2            
64393.875  1150.9            
64484.67  1143.4            
64575.453  1136.5            
64666.224  1126.8            
64756.983  1111.8            
64847.729  1106.7            
64938.463  1106.3            
65029.185  1096.7            
65119.894  1088            
65210.591  1096.7            
65301.276  1093.6            
65391.949  1080.3            
65482.61  1088.5            
65573.258  1089.4            
65663.894  1074.8            
65754.517  1062.6            
65845.129  1043.8            
65935.728  1036.5            
66026.315  1039.7            
66116.89  1038.5            
66207.452  1031.7            
66298.002  1032.3            
66388.54  1031.2            
66479.066  1032.8            
66569.579  1022.2            
66660.08  1016.6            
66750.569  1011.3            
66841.046  1015.5            
66931.511  1016.3            
67021.963  1010.2            
67112.403  1009.8            
67202.831  1009.9            
67293.246  1001.2            
67383.65  995.70001            
67474.041  1001.9            
67564.42  999.5            
67654.786  996.40002            
67745.141  996.70001            
67835.483  999.29999            
67925.813  993.5            
68016.13  986.70001            
68106.436  984.09998            
68196.729  986.09998            
68287.01  994.79999            
68377.279  989.79999            
68467.536  985.90002            
68557.78  986.59998            
68648.013  982.40002            
68738.233  985.40002            
68828.44  990.59998            
68918.636  990.59998            
69008.819  987.90002            
69098.991  975.90002            
69189.15  977.40002            
69279.296  985.79999            
69369.431  992.5            
69459.553  981.40002            
69549.664  978.90002            
69639.762  981.5            
69729.848  978.29999            
69819.921  978.29999            
69909.983  969.20001            
70000.032  976.59998            
70090.069  979.40002            
70180.094  975.90002            
70270.106  972.29999            
70360.107  966.90002            
70450.095  976            
70540.071  975.59998            
70630.035  969.79999            
70719.987  969.29999            
70809.927  970            
70899.854  971.59998            
70989.769  972.70001            
71079.672  971.09998            
71169.563  968.09998            
71259.442  969.40002            
71349.308  968.59998            
71439.163  967.79999            
71529.005  959.29999            
71618.835  953.09998            
71708.653  961.90002            
71798.459  964.59998            
71888.252  960.70001            
71978.034  969.59998            
72067.803  969            
72157.56  964.29999            
72247.305  959            
72337.038  949.40002            
72426.758  957            
72516.467  964.09998            
72606.163  958.70001            
72695.847  957.40002            
72785.519  957.09998            
72875.179  960.5            
72964.827  950.29999            
73054.463  957.70001            
73144.086  955.59998            
73233.697  948.59998            
73323.297  947.5            
73412.884  949.90002            
73502.458  949.40002            
73592.021  954.90002            
73681.572  958.79999            
73771.11  946.79999            
73860.637  949.40002            
