3.11             
x       y           
[m<sup>-1</sup>]     [CCD cts]         
9617.9139  790.90002            
9716.0696  790.70001            
9814.2122  794.09998            
9912.3416  799.59998            
10010.458  813.29999            
10108.561  841.70001            
10206.651  885.90002            
10304.728  949.09998            
10402.792  1030.5            
10500.843  1103.1            
10598.881  1116.9            
10696.906  1099.2            
10794.917  1077.5            
10892.916  1053.5            
10990.901  1034.9            
11088.873  1031.8            
11186.832  1024.9            
11284.778  1027.4            
11382.711  1045.9            
11480.631  1061            
11578.538  1077.2            
11676.432  1093.6            
11774.312  1102.9            
11872.18  1120.5            
11970.034  1121.9            
12067.876  1122.6            
12165.704  1110.1            
12263.519  1100.9            
12361.322  1086.8            
12459.111  1085.2            
12556.887  1079.7            
12654.65  1072.1            
12752.399  1071.4            
12850.136  1063.7            
12947.86  1060.2            
13045.571  1067.8            
13143.268  1058.8            
13240.953  1054.3            
13338.624  1061.8            
13436.283  1067.6            
13533.928  1077.3            
13631.56  1088.4            
13729.18  1080.7            
13826.786  1081.9            
13924.379  1089.4            
14021.959  1083.4            
14119.526  1081            
14217.08  1102.4            
14314.621  1098.5            
14412.149  1100.4            
14509.664  1098            
14607.166  1104.3            
14704.655  1115.4            
14802.13  1140.3            
14899.593  1139.6            
14997.043  1147.5            
15094.479  1149.7            
15191.903  1144.4            
15289.314  1126.4            
15386.711  1130.9            
15484.096  1115.8            
15581.467  1089.8            
15678.826  1080.5            
15776.171  1061.7            
15873.504  1058.1            
15970.823  1050.5            
16068.13  1044.3            
16165.423  1045.3            
16262.703  1044            
16359.971  1038.8            
16457.225  1040.2            
16554.466  1035.4            
16651.695  1028            
16748.91  1025.8            
16846.112  1024.5            
16943.302  1025.8            
17040.478  1025.9            
17137.641  1024.2            
17234.792  1017.4            
17331.929  1020.2            
17429.053  1015.9            
17526.165  1011.4            
17623.263  1012            
17720.348  1013.7            
17817.42  1014.2            
17914.48  1015.2            
18011.526  1020.6            
18108.56  1026.5            
18205.58  1019.6            
18302.587  1015.9            
18399.582  1014.3            
18496.563  1017.4            
18593.532  1024.6            
18690.487  1015.6            
18787.43  1017.2            
18884.359  1013.9            
18981.276  1017.3            
19078.179  1015.6            
19175.07  1024.5            
19271.947  1028.1            
19368.812  1020            
19465.664  1025.2            
19562.503  1032.5            
19659.328  1031.7            
19756.141  1037.3            
19852.941  1045.5            
19949.728  1040.2            
20046.502  1043.5            
20143.263  1041.9            
20240.011  1035.2            
20336.746  1039.4            
20433.468  1044.4            
20530.177  1053.6            
20626.873  1043.7            
20723.557  1048.3            
20820.227  1053.4            
20916.884  1053.1            
21013.529  1059.2            
21110.16  1058.3            
21206.779  1062.3            
21303.384  1070.1            
21399.977  1078.9            
21496.557  1081.6            
21593.124  1084.3            
21689.677  1088.6            
21786.218  1085.4            
21882.746  1076.4            
21979.261  1083.8            
22075.764  1069.1            
22172.253  1058.4            
22268.729  1048.6            
22365.193  1045.2            
22461.643  1040.6            
22558.081  1026.4            
22654.505  1019.9            
22750.917  1027.5            
22847.316  1021.7            
22943.702  1011.5            
23040.075  1004.5            
23136.435  995.29999            
23232.782  992.29999            
23329.116  992.59998            
23425.437  990.40002            
23521.746  984.59998            
23618.041  984.40002            
23714.324  980.09998            
23810.594  967.29999            
23906.85  967.09998            
24003.094  964.20001            
24099.325  967.70001            
24195.544  964.29999            
24291.749  962.90002            
24387.941  961.59998            
24484.121  968            
24580.287  964.59998            
24676.441  957.59998            
24772.582  955.5            
24868.71  955.90002            
24964.825  958.40002            
25060.927  953.40002            
25157.016  947.70001            
25253.092  943.5            
25349.156  945.70001            
25445.207  944.29999            
25541.244  941            
25637.269  937.70001            
25733.281  942.59998            
25829.281  943.29999            
25925.267  939.90002            
26021.24  943            
26117.201  944.70001            
26213.148  938.09998            
26309.083  940.59998            
26405.005  933.5            
26500.914  932.59998            
26596.811  925.90002            
26692.694  935.29999            
26788.565  933.59998            
26884.422  933.40002            
26980.267  940.79999            
27076.099  933.40002            
27171.918  934.20001            
27267.725  935            
27363.518  934.29999            
27459.299  939.40002            
27555.066  938.90002            
27650.821  937.5            
27746.563  934.5            
27842.293  933.09998            
27938.009  934.70001            
28033.713  932.59998            
28129.403  936.59998            
28225.081  939.79999            
28320.746  937.59998            
28416.399  933.70001            
28512.038  935.79999            
28607.665  936            
28703.278  936.79999            
28798.879  937.20001            
28894.467  943.40002            
28990.043  933.79999            
29085.605  939.5            
29181.155  945.79999            
29276.692  941.59998            
29372.216  937.29999            
29467.727  939.59998            
29563.225  941.40002            
29658.711  945.70001            
29754.184  947.59998            
29849.644  943.79999            
29945.091  942.70001            
30040.525  939.5            
30135.947  939            
30231.355  935.20001            
30326.751  936.70001            
30422.134  933.20001            
30517.505  935.20001            
30612.862  934.59998            
30708.207  937.29999            
30803.539  935.20001            
30898.858  938.40002            
30994.165  937.09998            
31089.458  929.20001            
31184.739  928.40002            
31280.007  932.29999            
31375.262  934.90002            
31470.505  933.90002            
31565.734  925.90002            
31660.951  927.29999            
31756.156  928.5            
31851.347  934.20001            
31946.525  929.70001            
32041.691  933.5            
32136.844  929.70001            
32231.984  928.90002            
32327.112  934.5            
32422.227  929.29999            
32517.329  927.29999            
32612.418  929.90002            
32707.494  934.09998            
32802.558  928.79999            
32897.609  931.09998            
32992.647  925.90002            
33087.672  924.5            
33182.685  926            
33277.685  921.70001            
33372.672  933.79999            
33467.646  929.70001            
33562.608  922.09998            
33657.557  925.5            
33752.493  928.70001            
33847.416  932.59998            
33942.327  928.90002            
34037.224  927.5            
34132.11  929.90002            
34226.982  929.5            
34321.842  929.79999            
34416.689  925.79999            
34511.523  927.09998            
34606.344  926.20001            
34701.153  927            
34795.949  927            
34890.732  927.20001            
34985.503  934.20001            
35080.26  926.20001            
35175.005  926.29999            
35269.738  924.20001            
35364.457  925.09998            
35459.164  923.79999            
35553.858  925.5            
35648.54  931.20001            
35743.208  934.09998            
35837.865  935            
35932.508  923.90002            
36027.138  920.70001            
36121.756  918.79999            
36216.361  921.5            
36310.954  920.40002            
36405.534  925.40002            
36500.101  926.09998            
36594.655  922.29999            
36689.197  923.29999            
36783.726  933            
36878.242  932.90002            
36972.745  930.40002            
37067.236  925.79999            
37161.714  927.20001            
37256.18  930.5            
37350.632  926.20001            
37445.072  926.59998            
37539.5  925.70001            
37633.915  929.79999            
37728.316  930            
37822.706  930.59998            
37917.082  923.5            
38011.446  924.90002            
38105.798  930.90002            
38200.136  934.90002            
38294.462  932.5            
38388.775  937.09998            
38483.076  940.90002            
38577.364  936.90002            
38671.639  934.40002            
38765.901  931            
38860.151  927.79999            
38954.388  932.29999            
39048.613  938.20001            
39142.825  940.59998            
39237.024  940.40002            
39331.211  938.70001            
39425.384  936.70001            
39519.546  934.70001            
39613.694  935.09998            
39707.83  943.5            
39801.953  945.40002            
39896.064  942.70001            
39990.162  944.59998            
40084.247  945            
40178.32  945.59998            
40272.38  949.79999            
40366.427  948.5            
40460.462  955.70001            
40554.484  955.79999            
40648.493  952.20001            
40742.49  950.79999            
40836.474  942.09998            
40930.446  942.79999            
41024.404  951.5            
41118.351  951.09998            
41212.284  951            
41306.205  952            
41400.113  955.70001            
41494.009  958.59998            
41587.892  956            
41681.763  952.20001            
41775.62  954.29999            
41869.466  954.20001            
41963.298  947            
42057.118  955.09998            
42150.925  950.20001            
42244.72  952.40002            
42338.502  952.5            
42432.272  951.59998            
42526.029  953.79999            
42619.773  954.09998            
42713.504  948.40002            
42807.223  953.40002            
42900.93  950.59998            
42994.624  954.29999            
43088.305  954            
43181.973  949            
43275.629  947.09998            
43369.273  950.90002            
43462.904  953            
43556.522  949            
43650.127  943.70001            
43743.72  947.29999            
43837.301  941.09998            
43930.869  946.79999            
44024.424  945.29999            
44117.967  945.79999            
44211.497  949.5            
44305.014  948.70001            
44398.519  945.79999            
44492.011  949            
44585.491  947.09998            
44678.958  944.20001            
44772.413  948.09998            
44865.855  947.59998            
44959.284  949.90002            
45052.701  945.40002            
45146.105  941.59998            
45239.497  938.40002            
45332.876  942.09998            
45426.243  943.59998            
45519.597  946.5            
45612.938  939.5            
45706.267  938.5            
45799.583  943.5            
45892.887  945            
45986.178  945.90002            
46079.457  954            
46172.723  952.09998            
46265.976  949            
46359.217  948.70001            
46452.445  949.29999            
46545.661  946.20001            
46638.865  947.90002            
46732.055  950.70001            
46825.233  953.20001            
46918.399  954.70001            
47011.552  957.09998            
47104.693  949            
47197.821  951.5            
47290.936  955.90002            
47384.039  955.70001            
47477.13  960.09998            
47570.207  961.90002            
47663.273  964.09998            
47756.325  960.90002            
47849.366  966.09998            
47942.393  963.70001            
48035.409  960.09998            
48128.411  960.09998            
48221.401  966.90002            
48314.379  964.90002            
48407.344  962.09998            
48500.297  974            
48593.237  973.70001            
48686.164  972.90002            
48779.079  974.59998            
48871.982  976            
48964.872  976.40002            
49057.749  970.40002            
49150.614  976            
49243.467  976.59998            
49336.307  984.59998            
49429.134  981.70001            
49521.949  981.59998            
49614.751  977.29999            
49707.541  978.20001            
49800.319  982.5            
49893.084  985.70001            
49985.836  986.79999            
50078.576  988.09998            
50171.303  989.70001            
50264.018  983.09998            
50356.721  986.90002            
50449.411  982.79999            
50542.088  991            
50634.753  992.90002            
50727.406  990.09998            
50820.046  988.20001            
50912.673  986.5            
51005.288  990.5            
51097.891  992.29999            
51190.481  993.40002            
51283.058  995.90002            
51375.623  992.90002            
51468.176  990.70001            
51560.716  998.5            
51653.244  1003.6            
51745.759  1001.9            
51838.262  1000.2            
51930.752  995.70001            
52023.23  1002.9            
52115.695  1004            
52208.148  1000.5            
52300.589  1003.9            
52393.016  1000.8            
52485.432  1003.6            
52577.835  1012.3            
52670.226  1006.6            
52762.604  1004.8            
52854.969  1003.7            
52947.323  1001.5            
53039.663  1006.8            
53131.992  1011.7            
53224.307  1009.7            
53316.611  1000.5            
53408.902  1000.8            
53501.18  1002.9            
53593.446  1005.9            
53685.7  1005.3            
53777.941  999.59998            
53870.17  995.29999            
53962.386  999            
54054.59  1005.5            
54146.782  1010.1            
54238.961  1001.4            
54331.127  992            
54423.281  990.79999            
54515.423  1000.5            
54607.552  998.59998            
54699.669  996            
54791.774  991.40002            
54883.866  988.40002            
54975.945  985.5            
55068.012  982.79999            
55160.067  986.79999            
55252.109  1001.2            
55344.139  999            
55436.157  998.09998            
55528.162  994.20001            
55620.155  990.40002            
55712.135  988.5            
55804.103  993.09998            
55896.058  986.79999            
55988.001  989.40002            
56079.932  984            
56171.85  985.59998            
56263.756  994.5            
56355.649  997.40002            
56447.53  986            
56539.399  981.5            
56631.255  988.20001            
56723.099  995.20001            
56814.93  998            
56906.749  996.59998            
56998.556  993.79999            
57090.35  991.29999            
57182.132  986.5            
57273.902  984.79999            
57365.659  997.59998            
57457.404  995.40002            
57549.136  996.5            
57640.856  994.59998            
57732.563  988.70001            
57824.259  1005.3            
57915.941  1004.2            
58007.612  999.40002            
58099.27  1000.1            
58190.916  992.70001            
58282.549  998.40002            
58374.17  1007.4            
58465.779  997            
58557.375  992.90002            
58648.959  990.09998            
58740.53  987.09998            
58832.089  998.59998            
58923.636  1005.9            
59015.171  1005.1            
59106.693  1001.2            
59198.202  1004.3            
59289.7  1012.2            
59381.185  1009.8            
59472.657  1003            
59564.118  1008.2            
59655.565  1017.3            
59747.001  1021.5            
59838.424  1019.9            
59929.835  1016.6            
60021.234  1023.4            
60112.62  1022.8            
60203.994  1021.1            
60295.355  1015.7            
60386.704  1012.9            
60478.041  1012.5            
60569.366  1022.3            
60660.678  1017.8            
60751.978  1025.5            
60843.265  1029.2            
60934.541  1026.6            
61025.803  1026            
61117.054  1036.5            
61208.292  1030.5            
61299.518  1034.9            
61390.732  1032.9            
61481.933  1040.2            
61573.122  1046            
61664.298  1054.1            
61755.463  1050.9            
61846.615  1044.8            
61937.754  1039.6            
62028.881  1047.3            
62119.996  1051.1            
62211.099  1053            
62302.19  1049.4            
62393.268  1056.1            
62484.333  1061.2            
62575.387  1066.1            
62666.428  1063.6            
62757.457  1064.4            
62848.474  1056.8            
62939.478  1065.6            
63030.47  1073.1            
63121.449  1070.7            
63212.417  1075.7            
63303.372  1083.4            
63394.315  1084.5            
63485.245  1073.9            
63576.163  1075.7            
63667.069  1074.7            
63757.963  1082.2            
63848.844  1083.6            
63939.713  1074.1            
64030.57  1080.7            
64121.415  1081.9            
64212.247  1071.1            
64303.067  1064.7            
64393.875  1063.5            
64484.67  1057.8            
64575.453  1053.8            
64666.224  1051.6            
64756.983  1061.4            
64847.729  1056.7            
64938.463  1059.5            
65029.185  1056.9            
65119.894  1053.3            
65210.591  1037.3            
65301.276  1029.6            
65391.949  1031.8            
65482.61  1037            
65573.258  1026.2            
65663.894  1028.8            
65754.517  1021            
65845.129  1002.8            
65935.728  1000.2            
66026.315  999.20001            
66116.89  994.09998            
66207.452  993.20001            
66298.002  991.40002            
66388.54  980.20001            
66479.066  980.70001            
66569.579  974.70001            
66660.08  970.09998            
66750.569  969.20001            
66841.046  973.79999            
66931.511  963.09998            
67021.963  958            
67112.403  955.70001            
67202.831  955.20001            
67293.246  952.79999            
67383.65  958.70001            
67474.041  952.40002            
67564.42  954.5            
67654.786  953.59998            
67745.141  954            
67835.483  951.29999            
67925.813  950.90002            
68016.13  948.90002            
68106.436  943.5            
68196.729  951.20001            
68287.01  955.20001            
68377.279  944.59998            
68467.536  939            
68557.78  943.70001            
68648.013  945.40002            
68738.233  943.09998            
68828.44  937            
68918.636  934.40002            
69008.819  931            
69098.991  935.70001            
69189.15  941.79999            
69279.296  942.90002            
69369.431  943.40002            
69459.553  947            
69549.664  944.09998            
69639.762  940.59998            
69729.848  938.20001            
69819.921  933.90002            
69909.983  935.59998            
70000.032  939.5            
70090.069  928.29999            
70180.094  929.90002            
70270.106  935.90002            
70360.107  936.29999            
70450.095  930.79999            
70540.071  934.29999            
70630.035  932.40002            
70719.987  932.79999            
70809.927  928.5            
70899.854  929.70001            
70989.769  928            
71079.672  925.90002            
71169.563  924.20001            
71259.442  928.29999            
71349.308  924.70001            
71439.163  928.5            
71529.005  930.70001            
71618.835  925            
71708.653  928.20001            
71798.459  928.90002            
71888.252  931.70001            
71978.034  926.29999            
72067.803  924.59998            
72157.56  929.70001            
72247.305  932.90002            
72337.038  933.70001            
72426.758  926.90002            
72516.467  930.59998            
72606.163  930.40002            
72695.847  927.20001            
72785.519  922.79999            
72875.179  927.40002            
72964.827  925.20001            
73054.463  921.5            
73144.086  911.59998            
73233.697  916.20001            
73323.297  913.5            
73412.884  918.09998            
73502.458  920.70001            
73592.021  915.90002            
73681.572  919.29999            
73771.11  927.20001            
73860.637  927.59998            
73950.151  923.09998            
74039.653  916.90002            
74129.143  917.20001            
74218.621  916.70001            
74308.087  916.20001            
74397.54  923.20001            
74486.982  920.09998            
74576.411  917.59998            
74665.828  912.90002            
74755.234  917.29999            
74844.627  911.09998            
74934.008  916.59998            
75023.376  916.20001            
75112.733  915.40002            
75202.078  915.29999            
75291.41  915            
75380.73  906.70001            
75470.039  907.90002            
75559.335  904.90002            
75648.619  908.29999            
75737.891  908.09998            
75827.151  909.79999            
75916.398  905.70001            
76005.634  906.09998            
76094.858  909.09998            
76184.069  912.5            
76273.269  910            
76362.456  909.5            
76451.631  912.90002            
76540.794  907.09998            
76629.945  905.40002            
76719.084  907.79999            
76808.211  905.90002            
76897.326  907.79999            
76986.428  903.29999            
77075.519  900.79999            
77164.597  902.70001            
77253.664  903.20001            
77342.718  901.59998            
77431.761  902.59998            
77520.791  904.70001            
77609.809  908.29999            
77698.815  904.70001            
77787.809  905.70001            
77876.791  905.59998            
77965.761  906.70001            
78054.719  907.40002            
78143.664  904.40002            
78232.598  906.70001            
78321.52  905.5            
78410.429  905.29999            
78499.327  901.09998            
78588.212  902.5            
