3.15             
x       y           
[m<sup>-1</sup>]     [CCD cts]         
9617.9139  797.40002            
9716.0696  800.40002            
9814.2122  810.40002            
9912.3416  832.20001            
10010.458  870            
10108.561  948.20001            
10206.651  1077.7            
10304.728  1280.1            
10402.792  1517.5            
10500.843  1725            
10598.881  1754.2            
10696.906  1698.6            
10794.917  1605            
10892.916  1542.5            
10990.901  1521.8            
11088.873  1502.5            
11186.832  1495.1            
11284.778  1506.2            
11382.711  1551.9            
11480.631  1603.8            
11578.538  1649.7            
11676.432  1686.2            
11774.312  1696.5            
11872.18  1677            
11970.034  1708.2            
12067.876  1747.2            
12165.704  1703.2            
12263.519  1657            
12361.322  1645.7            
12459.111  1646.6            
12556.887  1647.5            
12654.65  1628.6            
12752.399  1613.1            
12850.136  1612.8            
12947.86  1587.8            
13045.571  1586.8            
13143.268  1587.4            
13240.953  1572.7            
13338.624  1612.5            
13436.283  1638            
13533.928  1641.3            
13631.56  1604.7            
13729.18  1600.4            
13826.786  1638.7            
13924.379  1667.7            
14021.959  1633.9            
14119.526  1659.2            
14217.08  1697.2            
14314.621  1707.6            
14412.149  1714            
14509.664  1715.5            
14607.166  1737            
14704.655  1812.5            
14802.13  1870.7            
14899.593  1969.2            
14997.043  2022.6            
15094.479  2015.9            
15191.903  1961.5            
15289.314  1858.3            
15386.711  1800.6            
15484.096  1744.8            
15581.467  1682.9            
15678.826  1628.4            
15776.171  1604.7            
15873.504  1600.6            
15970.823  1567.4            
16068.13  1544.9            
16165.423  1518.5            
16262.703  1523.2            
16359.971  1534            
16457.225  1519.6            
16554.466  1505.3            
16651.695  1481.9            
16748.91  1471.1            
16846.112  1473.2            
16943.302  1467.9            
17040.478  1452.9            
17137.641  1454.8            
17234.792  1441.7            
17331.929  1434.4            
17429.053  1434.4            
17526.165  1500.2            
17623.263  1446.9            
17720.348  1437.4            
17817.42  1426            
17914.48  1418            
18011.526  1428.7            
18108.56  1463            
18205.58  1453.2            
18302.587  1436.9            
18399.582  1424.7            
18496.563  1431.2            
18593.532  1450.7            
18690.487  1445.4            
18787.43  1457.6            
18884.359  1447.1            
18981.276  1445            
19078.179  1471.2            
19175.07  1492.6            
19271.947  1486.9            
19368.812  1473.2            
19465.664  1480.5            
19562.503  1498            
19659.328  1516.3            
19756.141  1533.2            
19852.941  1526            
19949.728  1544.1            
20046.502  1563.2            
20143.263  1546.6            
20240.011  1553.3            
20336.746  1567.7            
20433.468  1566            
20530.177  1553.2            
20626.873  1571.7            
20723.557  1586.3            
20820.227  1610.1            
20916.884  1630.9            
21013.529  1633.8            
21110.16  1623.1            
21206.779  1632.7            
21303.384  1687.2            
21399.977  1707.4            
21496.557  1742            
21593.124  1755.9            
21689.677  1776.5            
21786.218  1764.5            
21882.746  1728.7            
21979.261  1715.7            
22075.764  1699.6            
22172.253  1641            
22268.729  1602.9            
22365.193  1583.5            
22461.643  1536.4            
22558.081  1507.8            
22654.505  1484.6            
22750.917  1487.8            
22847.316  1457.5            
22943.702  1418            
23040.075  1410.2            
23136.435  1393.4            
23232.782  1378.7            
23329.116  1367.2            
23425.437  1355            
23521.746  1359.1            
23618.041  1329.7            
23714.324  1299.9            
23810.594  1293.8            
23906.85  1290.7            
24003.094  1280.4            
24099.325  1274.3            
24195.544  1268.2            
24291.749  1253.9            
24387.941  1248.7            
24484.121  1254.1            
24580.287  1247.9            
24676.441  1241            
24772.582  1222            
24868.71  1210.7            
24964.825  1237.7            
25060.927  1230.2            
25157.016  1221            
25253.092  1206.5            
25349.156  1193.2            
25445.207  1187.6            
25541.244  1187.2            
25637.269  1190.3            
25733.281  1188.7            
25829.281  1181.3            
25925.267  1171.6            
26021.24  1176.9            
26117.201  1184.5            
26213.148  1172.7            
26309.083  1154.5            
26405.005  1158.7            
26500.914  1164.3            
26596.811  1162.6            
26692.694  1171.5            
26788.565  1150.6            
26884.422  1156.3            
26980.267  1159.4            
27076.099  1158.8            
27171.918  1156.2            
27267.725  1161.8            
27363.518  1163.6            
27459.299  1168            
27555.066  1168.2            
27650.821  1158.2            
27746.563  1151.9            
27842.293  1150.1            
27938.009  1161.8            
28033.713  1157.6            
28129.403  1155.2            
28225.081  1163.7            
28320.746  1155.5            
28416.399  1146            
28512.038  1149.6            
28607.665  1148.3            
28703.278  1155.1            
28798.879  1152.5            
28894.467  1161            
28990.043  1158.4            
29085.605  1154.6            
29181.155  1173.6            
29276.692  1164.2            
29372.216  1163.5            
29467.727  1165.6            
29563.225  1153.7            
29658.711  1152.4            
29754.184  1171.5            
29849.644  1172.4            
29945.091  1159.5            
30040.525  1142.6            
30135.947  1156.3            
30231.355  1149.1            
30326.751  1145.8            
30422.134  1148.7            
30517.505  1156.8            
30612.862  1146.2            
30708.207  1157.8            
30803.539  1150.3            
30898.858  1151.9            
30994.165  1147.4            
31089.458  1142.7            
31184.739  1140.4            
31280.007  1144.3            
31375.262  1143.1            
31470.505  1140.5            
31565.734  1141.4            
31660.951  1136.5            
31756.156  1130.4            
31851.347  1134.3            
31946.525  1131.8            
32041.691  1131.4            
32136.844  1137            
32231.984  1130.9            
32327.112  1135.3            
32422.227  1141.9            
32517.329  1129.2            
32612.418  1136.4            
32707.494  1134            
32802.558  1139            
32897.609  1134.3            
32992.647  1120.6            
33087.672  1111.6            
33182.685  1117            
33277.685  1122.7            
33372.672  1138.5            
33467.646  1128            
33562.608  1126.1            
33657.557  1126.5            
33752.493  1122.8            
33847.416  1125.4            
33942.327  1124.8            
34037.224  1116.4            
34132.11  1122.7            
34226.982  1125.8            
34321.842  1117.1            
34416.689  1122.5            
34511.523  1125.6            
34606.344  1121.5            
34701.153  1117.5            
34795.949  1103.1            
34890.732  1112.6            
34985.503  1126            
35080.26  1129.4            
35175.005  1123.5            
35269.738  1120.3            
35364.457  1112.3            
35459.164  1104.1            
35553.858  1118.9            
35648.54  1132.3            
35743.208  1130.4            
35837.865  1125.8            
35932.508  1106.5            
36027.138  1098.5            
36121.756  1102.3            
36216.361  1107            
36310.954  1112.5            
36405.534  1109.7            
36500.101  1100.2            
36594.655  1099.5            
36689.197  1113.7            
36783.726  1127.9            
36878.242  1127.7            
36972.745  1122.3            
37067.236  1120.7            
37161.714  1112.5            
37256.18  1114.4            
37350.632  1115.2            
37445.072  1129.5            
37539.5  1126.5            
37633.915  1122.1            
37728.316  1133.2            
37822.706  1137            
37917.082  1124.2            
38011.446  1121.3            
38105.798  1129.6            
38200.136  1131.5            
38294.462  1132.5            
38388.775  1141.5            
38483.076  1149.9            
38577.364  1138.5            
38671.639  1134.7            
38765.901  1139.4            
38860.151  1140.4            
38954.388  1142.4            
39048.613  1144.2            
39142.825  1153.2            
39237.024  1165.1            
39331.211  1158.9            
39425.384  1149.5            
39519.546  1150            
39613.694  1156.4            
39707.83  1162.3            
39801.953  1168            
39896.064  1158.1            
39990.162  1172.2            
40084.247  1164.2            
40178.32  1177.7            
40272.38  1193.3            
40366.427  1188.8            
40460.462  1195            
40554.484  1197.2            
40648.493  1204.3            
40742.49  1193.9            
40836.474  1189.6            
40930.446  1183.1            
41024.404  1181            
41118.351  1194.2            
41212.284  1202.6            
41306.205  1205.4            
41400.113  1213.4            
41494.009  1210.6            
41587.892  1211.9            
41681.763  1206.2            
41775.62  1211.7            
41869.466  1200.9            
41963.298  1195.4            
42057.118  1206            
42150.925  1195.4            
42244.72  1193.7            
42338.502  1192.1            
42432.272  1190.5            
42526.029  1201.8            
42619.773  1205.2            
42713.504  1196.1            
42807.223  1196            
42900.93  1203.4            
42994.624  1211.4            
43088.305  1209.8            
43181.973  1194.3            
43275.629  1192            
43369.273  1188.6            
43462.904  1185.4            
43556.522  1179.2            
43650.127  1186.8            
43743.72  1177.8            
43837.301  1173.4            
43930.869  1173.8            
44024.424  1175.8            
44117.967  1180.5            
44211.497  1177.5            
44305.014  1178.1            
44398.519  1183.2            
44492.011  1177.4            
44585.491  1181.7            
44678.958  1174.9            
44772.413  1169.4            
44865.855  1169.6            
44959.284  1169.1            
45052.701  1157.7            
45146.105  1157.4            
45239.497  1165.6            
45332.876  1159.1            
45426.243  1164.2            
45519.597  1162.9            
45612.938  1154.9            
45706.267  1163.9            
45799.583  1172.1            
45892.887  1174.1            
45986.178  1177.2            
46079.457  1183.9            
46172.723  1195.7            
46265.976  1195.1            
46359.217  1183.4            
46452.445  1179.4            
46545.661  1189.3            
46638.865  1190.5            
46732.055  1189.3            
46825.233  1199.6            
46918.399  1199.7            
47011.552  1183.2            
47104.693  1184.9            
47197.821  1195.7            
47290.936  1190.4            
47384.039  1209.9            
47477.13  1217.7            
47570.207  1216.2            
47663.273  1212.3            
47756.325  1218.3            
47849.366  1213.6            
47942.393  1216.1            
48035.409  1208.3            
48128.411  1208.1            
48221.401  1215.9            
48314.379  1230.9            
48407.344  1228.7            
48500.297  1238.8            
48593.237  1256.7            
48686.164  1253            
48779.079  1255.1            
48871.982  1250.1            
48964.872  1242.9            
49057.749  1246.8            
49150.614  1253.7            
49243.467  1270.3            
49336.307  1274.6            
49429.134  1273.2            
49521.949  1281.8            
49614.751  1283.6            
49707.541  1278.3            
49800.319  1287.1            
49893.084  1286.2            
49985.836  1296.7            
50078.576  1298.6            
50171.303  1295            
50264.018  1299.7            
50356.721  1301.2            
50449.411  1299.8            
50542.088  1319.5            
50634.753  1313.1            
50727.406  1320.7            
50820.046  1306.8            
50912.673  1296.8            
51005.288  1303.4            
51097.891  1303.8            
51190.481  1307.6            
51283.058  1319.9            
51375.623  1312            
51468.176  1316.4            
51560.716  1324            
51653.244  1310.4            
51745.759  1316.2            
51838.262  1326.2            
51930.752  1319.9            
52023.23  1331.6            
52115.695  1324.7            
52208.148  1329.5            
52300.589  1341            
52393.016  1330.5            
52485.432  1328.3            
52577.835  1351            
52670.226  1348.5            
52762.604  1345.4            
52854.969  1339.8            
52947.323  1346.1            
53039.663  1365.7            
53131.992  1369.9            
53224.307  1341.3            
53316.611  1330.7            
53408.902  1337.3            
53501.18  1331.8            
53593.446  1331.5            
53685.7  1340.9            
53777.941  1329.9            
53870.17  1315.9            
53962.386  1330            
54054.59  1341.7            
54146.782  1336.5            
54238.961  1315.1            
54331.127  1301.6            
54423.281  1309.6            
54515.423  1311.6            
54607.552  1321.6            
54699.669  1313.2            
54791.774  1312.9            
54883.866  1286.2            
54975.945  1289.3            
55068.012  1278.2            
55160.067  1289.5            
55252.109  1306.4            
55344.139  1310.7            
55436.157  1308.9            
55528.162  1312.8            
55620.155  1296.2            
55712.135  1288.5            
55804.103  1295.7            
55896.058  1298.6            
55988.001  1300.4            
56079.932  1295.9            
56171.85  1288.4            
56263.756  1292.7            
56355.649  1288.2            
56447.53  1271            
56539.399  1275.5            
56631.255  1297.7            
56723.099  1296.5            
56814.93  1290.7            
56906.749  1297.4            
56998.556  1307.6            
57090.35  1289.6            
57182.132  1281.9            
57273.902  1289.2            
57365.659  1307.4            
57457.404  1318.3            
57549.136  1314.1            
57640.856  1302.7            
57732.563  1305.5            
57824.259  1318.9            
57915.941  1323            
58007.612  1324            
58099.27  1323.6            
58190.916  1321.2            
58282.549  1313.4            
58374.17  1311.3            
58465.779  1299.2            
58557.375  1301.9            
58648.959  1301.6            
58740.53  1312.1            
58832.089  1335.4            
58923.636  1354.1            
59015.171  1344.4            
59106.693  1350.6            
59198.202  1357.8            
59289.7  1349.5            
59381.185  1338.3            
59472.657  1346.1            
59564.118  1360.6            
59655.565  1369.6            
59747.001  1383.9            
59838.424  1387.1            
59929.835  1384.7            
60021.234  1375.9            
60112.62  1378.6            
60203.994  1396.5            
60295.355  1388.2            
60386.704  1388.2            
60478.041  1389.8            
60569.366  1410.4            
60660.678  1435.2            
60751.978  1430.2            
60843.265  1425.6            
60934.541  1441.9            
61025.803  1471.3            
61117.054  1471.3            
61208.292  1479.3            
61299.518  1475.3            
61390.732  1489.8            
61481.933  1503.5            
61573.122  1499.4            
61664.298  1488.9            
61755.463  1483.5            
61846.615  1514.9            
61937.754  1525.9            
62028.881  1519.6            
62119.996  1513.8            
62211.099  1532.7            
62302.19  1536.8            
62393.268  1539.7            
62484.333  1558.1            
62575.387  1565            
62666.428  1570.1            
62757.457  1552.6            
62848.474  1534.8            
62939.478  1600.8            
63030.47  1638.8            
63121.449  1607.3            
63212.417  1589.8            
63303.372  1604.9            
63394.315  1608.1            
63485.245  1600.4            
63576.163  1601.7            
63667.069  1622.7            
63757.963  1627.4            
63848.844  1614.7            
63939.713  1618            
64030.57  1618.5            
64121.415  1587.1            
64212.247  1584.6            
64303.067  1602.4            
64393.875  1587            
64484.67  1591.7            
64575.453  1569.4            
64666.224  1570.9            
64756.983  1572.4            
64847.729  1565.3            
64938.463  1565.3            
65029.185  1557.1            
65119.894  1526.1            
65210.591  1496.6            
65301.276  1488.3            
65391.949  1486.8            
65482.61  1459.6            
65573.258  1425.1            
65663.894  1411.5            
65754.517  1381.5            
65845.129  1351.5            
65935.728  1357.4            
66026.315  1363.7            
66116.89  1343.6            
66207.452  1325.6            
66298.002  1289.8            
66388.54  1304.1            
66479.066  1294.1            
66569.579  1269.1            
66660.08  1269.4            
66750.569  1250.7            
66841.046  1240.4            
66931.511  1222.3            
67021.963  1223.7            
67112.403  1219.3            
67202.831  1210.6            
67293.246  1207.1            
67383.65  1221.2            
67474.041  1219.2            
67564.42  1198.9            
67654.786  1193.6            
67745.141  1192            
67835.483  1186.6            
67925.813  1172.8            
68016.13  1175            
68106.436  1176.2            
68196.729  1182.7            
68287.01  1174.3            
68377.279  1158            
68467.536  1148.8            
68557.78  1165.6            
68648.013  1167.9            
68738.233  1178.6            
68828.44  1171.7            
68918.636  1157            
69008.819  1162.1            
69098.991  1155.7            
69189.15  1149.4            
69279.296  1160.5            
69369.431  1172.2            
69459.553  1160.5            
69549.664  1154.9            
69639.762  1149.9            
69729.848  1150.1            
69819.921  1147.9            
69909.983  1144.4            
70000.032  1140.7            
70090.069  1141.5            
70180.094  1152.5            
70270.106  1137.2            
70360.107  1137.4            
70450.095  1142.5            
70540.071  1138.3            
70630.035  1134.1            
70719.987  1122.5            
70809.927  1109.2            
70899.854  1119.5            
70989.769  1128.7            
71079.672  1131.5            
71169.563  1124.4            
71259.442  1120.1            
71349.308  1124.7            
71439.163  1118.3            
71529.005  1110.7            
71618.835  1109            
71708.653  1115.2            
71798.459  1123.4            
71888.252  1127.6            
71978.034  1124.3            
72067.803  1118.8            
72157.56  1127.3            
72247.305  1124            
72337.038  1116.3            
72426.758  1122.7            
72516.467  1115.2            
72606.163  1100            
72695.847  1098.8            
72785.519  1106.2            
72875.179  1116.3            
72964.827  1105.1            
73054.463  1091.5            
73144.086  1079.7            
73233.697  1086            
73323.297  1080.3            
73412.884  1092.9            
73502.458  1094.7            
73592.021  1090.3            
73681.572  1092.1            
73771.11  1108.6            
73860.637  1103            
73950.151  1096            
74039.653  1096.2            
74129.143  1092.6            
74218.621  1089.9            
74308.087  1085.7            
74397.54  1094.2            
74486.982  1093            
74576.411  1077.9            
74665.828  1068            
74755.234  1076.5            
74844.627  1077.5            
74934.008  1076.9            
75023.376  1081.3            
75112.733  1086.6            
75202.078  1079.3            
75291.41  1078.4            
75380.73  1073.5            
75470.039  1072.7            
75559.335  1073.5            
75648.619  1066.9            
75737.891  1069.9            
75827.151  1073.1            
75916.398  1081.3            
76005.634  1077.8            
76094.858  1070.6            
76184.069  1064.3            
76273.269  1061.9            
76362.456  1061.9            
76451.631  1064.4            
76540.794  1060.9            
76629.945  1068.6            
76719.084  1060.1            
76808.211  1054.6            
76897.326  1058            
76986.428  1055.5            
77075.519  1054            
77164.597  1050.1            
77253.664  1041.5            
77342.718  1042.7            
77431.761  1051.1            
77520.791  1055.6            
77609.809  1059.9            
77698.815  1057.6            
77787.809  1057.9            
77876.791  1062            
77965.761  1062.7            
