3.25             
x       y           
[m<sup>-1</sup>]     [CCD cts]         
9028.7042  786.40002            
9126.9386  787.29999            
9225.1599  787.5            
9323.3681  787.90002            
9421.5631  788.79999            
9519.745  790.40002            
9617.9139  794.79999            
9716.0696  797            
9814.2122  804            
9912.3416  817.40002            
10010.458  843.70001            
10108.561  898.70001            
10206.651  991.59998            
10304.728  1134            
10402.792  1296.2            
10500.843  1440.3            
10598.881  1477            
10696.906  1442.2            
10794.917  1386.2            
10892.916  1324.8            
10990.901  1303            
11088.873  1291.6            
11186.832  1281.7            
11284.778  1287.3            
11382.711  1312.2            
11480.631  1338.5            
11578.538  1384.2            
11676.432  1420.6            
11774.312  1431.8            
11872.18  1430.7            
11970.034  1445.1            
12067.876  1473.9            
12165.704  1453.9            
12263.519  1426.7            
12361.322  1397.3            
12459.111  1375.6            
12556.887  1374            
12654.65  1378.8            
12752.399  1365.7            
12850.136  1377.4            
12947.86  1364.1            
13045.571  1361.5            
13143.268  1360.6            
13240.953  1337.8            
13338.624  1357            
13436.283  1384.4            
13533.928  1409.4            
13631.56  1394.2            
13729.18  1397.9            
13826.786  1415.8            
13924.379  1431.4            
14021.959  1426.9            
14119.526  1450.5            
14217.08  1481            
14314.621  1477.2            
14412.149  1461.3            
14509.664  1485.4            
14607.166  1522.1            
14704.655  1568.2            
14802.13  1640.4            
14899.593  1717.9            
14997.043  1789.2            
15094.479  1819.4            
15191.903  1784.6            
15289.314  1661.9            
15386.711  1603.4            
15484.096  1529            
15581.467  1460.8            
15678.826  1408.5            
15776.171  1384.4            
15873.504  1383.1            
15970.823  1377.4            
16068.13  1351            
16165.423  1339.8            
16262.703  1340.8            
16359.971  1345.2            
16457.225  1327.7            
16554.466  1315.1            
16651.695  1293.7            
16748.91  1290.9            
16846.112  1284.6            
16943.302  1279.8            
17040.478  1264.3            
17137.641  1262.8            
17234.792  1257.7            
17331.929  1249.2            
17429.053  1245.1            
17526.165  1244.6            
17623.263  1254.4            
17720.348  1245.6            
17817.42  1254.6            
17914.48  1248.1            
18011.526  1246            
18108.56  1258.2            
18205.58  1268.2            
18302.587  1267            
18399.582  1263.4            
18496.563  1259.8            
18593.532  1266.9            
18690.487  1257.2            
18787.43  1268.9            
18884.359  1269.9            
18981.276  1274.5            
19078.179  1288.9            
19175.07  1297.9            
19271.947  1314.1            
19368.812  1299.8            
19465.664  1293.5            
19562.503  1300.4            
19659.328  1312            
19756.141  1324.4            
19852.941  1335            
19949.728  1340.2            
20046.502  1356.2            
20143.263  1350.7            
20240.011  1340.8            
20336.746  1372            
20433.468  1379.6            
20530.177  1378.5            
20626.873  1381.3            
20723.557  1390.2            
20820.227  1398.3            
20916.884  1422            
21013.529  1415.2            
21110.16  1415.6            
21206.779  1440.3            
21303.384  1485.6            
21399.977  1512.9            
21496.557  1536.3            
21593.124  1537.2            
21689.677  1575.2            
21786.218  1578            
21882.746  1548.5            
21979.261  1518.2            
22075.764  1501.6            
22172.253  1459.6            
22268.729  1420.7            
22365.193  1393.1            
22461.643  1359            
22558.081  1329.5            
22654.505  1314.6            
22750.917  1318            
22847.316  1308.7            
22943.702  1262.8            
23040.075  1247.3            
23136.435  1234.9            
23232.782  1229.1            
23329.116  1216.9            
23425.437  1214            
23521.746  1204.9            
23618.041  1188.2            
23714.324  1176.2            
23810.594  1160.8            
23906.85  1153.1            
24003.094  1147.6            
24099.325  1140.2            
24195.544  1128.6            
24291.749  1116.7            
24387.941  1122.5            
24484.121  1126.6            
24580.287  1129.4            
24676.441  1111.6            
24772.582  1098.6            
24868.71  1088.5            
24964.825  1090.4            
25060.927  1097.8            
25157.016  1094.7            
25253.092  1088.5            
25349.156  1078.8            
25445.207  1067.7            
25541.244  1062.7            
25637.269  1069            
25733.281  1072.7            
25829.281  1067.5            
25925.267  1062.3            
26021.24  1062            
26117.201  1064.6            
26213.148  1054.9            
26309.083  1047.6            
26405.005  1044.2            
26500.914  1048.5            
26596.811  1043.4            
26692.694  1051.4            
26788.565  1047.6            
26884.422  1046.7            
26980.267  1046.6            
27076.099  1042.1            
27171.918  1044            
27267.725  1046.4            
27363.518  1044.9            
27459.299  1056.2            
27555.066  1052.7            
27650.821  1047.6            
27746.563  1043.3            
27842.293  1042.8            
27938.009  1045.2            
28033.713  1039.9            
28129.403  1038.6            
28225.081  1043            
28320.746  1039.5            
28416.399  1037.8            
28512.038  1039.3            
28607.665  1042.8            
28703.278  1043.3            
28798.879  1041.9            
28894.467  1041.6            
28990.043  1039.8            
29085.605  1041.7            
29181.155  1051.2            
29276.692  1045.5            
29372.216  1044.2            
29467.727  1047.8            
29563.225  1036.2            
29658.711  1045.3            
29754.184  1054.5            
29849.644  1056.6            
29945.091  1052.7            
30040.525  1053.7            
30135.947  1046            
30231.355  1040.1            
30326.751  1044.5            
30422.134  1044.1            
30517.505  1039.7            
30612.862  1040.5            
30708.207  1045.8            
30803.539  1041.6            
30898.858  1044.5            
30994.165  1044.2            
31089.458  1036            
31184.739  1035.2            
31280.007  1038            
31375.262  1033.2            
31470.505  1032.4            
31565.734  1027.7            
31660.951  1028.5            
31756.156  1030.6            
31851.347  1028.3            
31946.525  1025.4            
32041.691  1028.9            
32136.844  1029.3            
32231.984  1028            
32327.112  1030.6            
32422.227  1030.5            
32517.329  1029.5            
32612.418  1035.7            
32707.494  1038.4            
32802.558  1034.6            
32897.609  1033.9            
32992.647  1015.7            
33087.672  1021.7            
33182.685  1014.5            
33277.685  1011.7            
33372.672  1021.1            
33467.646  1021.6            
33562.608  1025.8            
33657.557  1022.9            
33752.493  1022.4            
33847.416  1016.8            
33942.327  1013            
34037.224  1017.4            
34132.11  1019.5            
34226.982  1024.7            
34321.842  1018.8            
34416.689  1026.1            
34511.523  1020.1            
34606.344  1021.8            
34701.153  1018.8            
34795.949  1013.5            
34890.732  1016.4            
34985.503  1016.4            
35080.26  1023.4            
35175.005  1019.3            
35269.738  1020.9            
35364.457  1014.8            
35459.164  1015.2            
35553.858  1021.4            
35648.54  1024.5            
35743.208  1023.7            
35837.865  1021.8            
35932.508  1007.2            
36027.138  1005.4            
36121.756  1007.3            
36216.361  1002.6            
36310.954  1012            
36405.534  1013            
36500.101  1012.9            
36594.655  1004.4            
36689.197  1015.6            
36783.726  1024.1            
36878.242  1021.4            
36972.745  1015.8            
37067.236  1015.8            
37161.714  1020.9            
37256.18  1017.3            
37350.632  1015            
37445.072  1020.1            
37539.5  1016.3            
37633.915  1020            
37728.316  1026.1            
37822.706  1021.6            
37917.082  1012.7            
38011.446  1010.6            
38105.798  1027.8            
38200.136  1030.7            
38294.462  1025.4            
38388.775  1028.3            
38483.076  1030            
38577.364  1030.7            
38671.639  1036.6            
38765.901  1030.5            
38860.151  1028.2            
38954.388  1029.5            
39048.613  1041.4            
39142.825  1050.4            
39237.024  1051            
39331.211  1037.8            
39425.384  1035.8            
39519.546  1044.6            
39613.694  1044.8            
39707.83  1059.1            
39801.953  1055.1            
39896.064  1053.6            
39990.162  1062.8            
40084.247  1060.3            
40178.32  1064.2            
40272.38  1077.4            
40366.427  1076.7            
40460.462  1080.6            
40554.484  1086.9            
40648.493  1082.4            
40742.49  1079.4            
40836.474  1078.4            
40930.446  1079.5            
41024.404  1080.3            
41118.351  1087.2            
41212.284  1080.1            
41306.205  1085.4            
41400.113  1096.7            
41494.009  1100.8            
41587.892  1096            
41681.763  1093.7            
41775.62  1098.5            
41869.466  1093.8            
41963.298  1086.4            
42057.118  1090.2            
42150.925  1078.2            
42244.72  1084.7            
42338.502  1085.7            
42432.272  1078.8            
42526.029  1081            
42619.773  1080.5            
42713.504  1074.5            
42807.223  1073.1            
42900.93  1076.8            
42994.624  1079.6            
43088.305  1082.5            
43181.973  1078.8            
43275.629  1077.7            
43369.273  1079.5            
43462.904  1075.2            
43556.522  1074.7            
43650.127  1075.8            
43743.72  1062.2            
43837.301  1061.8            
43930.869  1062.1            
44024.424  1071.7            
44117.967  1071.1            
44211.497  1063.2            
44305.014  1062.7            
44398.519  1070.3            
44492.011  1066.7            
44585.491  1063.2            
44678.958  1057.8            
44772.413  1058.7            
44865.855  1057.2            
44959.284  1057.3            
45052.701  1064.2            
45146.105  1059            
45239.497  1058.9            
45332.876  1052.5            
45426.243  1052.8            
45519.597  1058.8            
45612.938  1056.9            
45706.267  1052            
45799.583  1054.8            
45892.887  1053.1            
45986.178  1061.3            
46079.457  1073.5            
46172.723  1079            
46265.976  1071.6            
46359.217  1067.5            
46452.445  1061.5            
46545.661  1061.5            
46638.865  1067.4            
46732.055  1072.8            
46825.233  1070.9            
46918.399  1065.9            
47011.552  1069.1            
47104.693  1068.5            
47197.821  1079.1            
47290.936  1080            
47384.039  1084.1            
47477.13  1088.6            
47570.207  1083.5            
47663.273  1085.2            
47756.325  1091.4            
47849.366  1100.4            
47942.393  1092.5            
48035.409  1085.9            
48128.411  1081.9            
48221.401  1087.3            
48314.379  1100.3            
48407.344  1096.3            
48500.297  1112.7            
48593.237  1119            
48686.164  1122.4            
48779.079  1127.5            
48871.982  1127.6            
48964.872  1124            
49057.749  1117            
49150.614  1117.9            
49243.467  1122.3            
49336.307  1146            
49429.134  1140.9            
49521.949  1139.2            
49614.751  1144.5            
49707.541  1133.7            
49800.319  1145.5            
49893.084  1151.6            
49985.836  1152.7            
50078.576  1154.3            
50171.303  1151            
50264.018  1144.7            
50356.721  1155.3            
50449.411  1149            
50542.088  1165.2            
50634.753  1161.7            
50727.406  1163.5            
50820.046  1165.1            
50912.673  1160            
51005.288  1154.3            
51097.891  1156.1            
51190.481  1156.8            
51283.058  1169.3            
51375.623  1164.7            
51468.176  1159.2            
51560.716  1166.9            
51653.244  1172.2            
51745.759  1166.3            
51838.262  1164.7            
51930.752  1163.6            
52023.23  1163.6            
52115.695  1170.1            
52208.148  1169.4            
52300.589  1178            
52393.016  1177.1            
52485.432  1179.9            
52577.835  1190.4            
52670.226  1171            
52762.604  1173            
52854.969  1177.2            
52947.323  1177.6            
53039.663  1181.3            
53131.992  1192.5            
53224.307  1181.9            
53316.611  1178.4            
53408.902  1175            
53501.18  1170.8            
53593.446  1167.9            
53685.7  1165.8            
53777.941  1169.3            
53870.17  1155.4            
53962.386  1168.9            
54054.59  1170.5            
54146.782  1174.2            
54238.961  1159.9            
54331.127  1152.7            
54423.281  1157            
54515.423  1158            
54607.552  1154.4            
54699.669  1150.1            
54791.774  1152.4            
54883.866  1136.8            
54975.945  1126.5            
55068.012  1123.7            
55160.067  1131.4            
55252.109  1147.1            
55344.139  1159.1            
55436.157  1160.4            
55528.162  1164.6            
55620.155  1146.2            
55712.135  1134.3            
55804.103  1138.6            
55896.058  1131.3            
55988.001  1133.2            
56079.932  1129.4            
56171.85  1126.5            
56263.756  1134.6            
56355.649  1134.2            
56447.53  1125.2            
56539.399  1134.5            
56631.255  1146.7            
56723.099  1152.9            
56814.93  1146.1            
56906.749  1151            
56998.556  1154.7            
57090.35  1146.2            
57182.132  1133.6            
57273.902  1136.9            
57365.659  1138.6            
57457.404  1153.9            
57549.136  1160.5            
57640.856  1154.7            
57732.563  1155.5            
57824.259  1160.4            
57915.941  1162.1            
58007.612  1162.1            
58099.27  1165.8            
58190.916  1153.3            
58282.549  1155.4            
58374.17  1152.7            
58465.779  1152.7            
58557.375  1160.1            
58648.959  1161.8            
58740.53  1160.3            
58832.089  1171.7            
58923.636  1180.9            
59015.171  1181.9            
59106.693  1180.5            
59198.202  1193            
59289.7  1183.8            
59381.185  1176.7            
59472.657  1183.2            
59564.118  1185.9            
59655.565  1188.7            
59747.001  1204            
59838.424  1208.1            
59929.835  1211.8            
60021.234  1214.7            
60112.62  1216.7            
60203.994  1227.3            
60295.355  1224.9            
60386.704  1220.8            
60478.041  1215.7            
60569.366  1222.3            
60660.678  1229.5            
60751.978  1239            
60843.265  1244.4            
60934.541  1254.1            
61025.803  1270.8            
61117.054  1276.8            
61208.292  1272.9            
61299.518  1279.4            
61390.732  1287            
61481.933  1292            
61573.122  1295.1            
61664.298  1303            
61755.463  1290.1            
61846.615  1288.3            
61937.754  1321            
62028.881  1303.3            
62119.996  1305.9            
62211.099  1341.7            
62302.19  1353.6            
62393.268  1346.5            
62484.333  1346.9            
62575.387  1352.8            
62666.428  1374            
62757.457  1377.9            
62848.474  1374.3            
62939.478  1393.5            
63030.47  1406.7            
63121.449  1399.5            
63212.417  1395.3            
63303.372  1409.3            
63394.315  1414.3            
63485.245  1433.6            
63576.163  1434            
63667.069  1427.3            
63757.963  1439.5            
63848.844  1430.2            
63939.713  1444            
64030.57  1433.8            
64121.415  1431            
64212.247  1437.7            
64303.067  1435.6            
64393.875  1417.7            
64484.67  1412.4            
64575.453  1415.5            
64666.224  1404.7            
64756.983  1417.1            
64847.729  1400.4            
64938.463  1405.4            
65029.185  1397.7            
65119.894  1366.7            
65210.591  1328.3            
65301.276  1340.5            
65391.949  1338.1            
65482.61  1315.9            
65573.258  1273.3            
65663.894  1280.3            
65754.517  1259.9            
65845.129  1221.9            
65935.728  1216.5            
66026.315  1218.6            
66116.89  1209.9            
66207.452  1181.6            
66298.002  1163.6            
66388.54  1171.2            
66479.066  1164.4            
66569.579  1129.5            
66660.08  1136.1            
66750.569  1132.1            
66841.046  1129.9            
66931.511  1118.3            
67021.963  1113.9            
67112.403  1100.6            
67202.831  1105.4            
67293.246  1106.3            
67383.65  1108.5            
67474.041  1099.7            
67564.42  1085.2            
67654.786  1080.4            
67745.141  1080.9            
67835.483  1080.8            
67925.813  1074            
68016.13  1059.8            
68106.436  1063.3            
68196.729  1076.9            
68287.01  1071.4            
68377.279  1058.6            
68467.536  1050.6            
68557.78  1058.2            
68648.013  1065.6            
68738.233  1067.8            
68828.44  1052.4            
68918.636  1053            
69008.819  1048.6            
69098.991  1054.5            
69189.15  1050.1            
69279.296  1053.4            
69369.431  1048.8            
69459.553  1044.6            
69549.664  1040.8            
69639.762  1042.8            
69729.848  1045.4            
69819.921  1042.1            
69909.983  1036.8            
70000.032  1034.6            
70090.069  1036.3            
70180.094  1040.9            
70270.106  1035.4            
70360.107  1037.1            
70450.095  1041.1            
70540.071  1038.8            
70630.035  1034.2            
70719.987  1023.2            
70809.927  1018            
70899.854  1027            
70989.769  1027.4            
71079.672  1022.8            
71169.563  1020.6            
71259.442  1016            
71349.308  1019.6            
71439.163  1021.3            
71529.005  1018.5            
71618.835  1013.6            
71708.653  1022.4            
71798.459  1026.8            
71888.252  1024.3            
71978.034  1024.1            
72067.803  1021.8            
72157.56  1026            
72247.305  1020.7            
72337.038  1018            
72426.758  1012.4            
72516.467  1016.7            
72606.163  1009.2            
72695.847  1008.9            
72785.519  1009.2            
72875.179  1007.2            
72964.827  1007.5            
73054.463  1006.4            
73144.086  994.20001            
73233.697  997.59998            
73323.297  995.59998            
73412.884  998.90002            
73502.458  1000.6            
73592.021  996.09998            
73681.572  998.5            
73771.11  1012.4            
73860.637  1008.4            
73950.151  1000.5            
74039.653  997.09998            
74129.143  997.90002            
74218.621  993.5            
74308.087  996            
74397.54  999.40002            
74486.982  999.09998            
74576.411  987.90002            
74665.828  981.29999            
74755.234  986.5            
74844.627  992.90002            
74934.008  996.20001            
75023.376  996.5            
75112.733  994.90002            
75202.078  987.59998            
75291.41  992.29999            
75380.73  987.40002            
75470.039  986.90002            
75559.335  984.70001            
75648.619  985.09998            
75737.891  979.20001            
75827.151  981.59998            
75916.398  984.5            
76005.634  986.5            
76094.858  988.5            
76184.069  984.70001            
76273.269  971.09998            
76362.456  976.90002            
76451.631  977.59998            
76540.794  974.79999            
76629.945  972            
76719.084  978.79999            
76808.211  976.20001            
76897.326  980.5            
76986.428  974.5            
77075.519  974.29999            
77164.597  967.59998            
77253.664  965.79999            
77342.718  965.90002            
77431.761  967            
77520.791  975.59998            
77609.809  976.29999            
77698.815  974.59998            
77787.809  972.59998            
77876.791  982.29999            
77965.761  979.79999            
78054.719  977.29999            
78143.664  978.20001            
78232.598  975.5            
78321.52  973.09998            
78410.429  973.20001            
78499.327  972.79999            
78588.212  970.40002            
78677.085  974.59998            
78765.947  977.20001            
78854.796  985.40002            
78943.633  976.59998            
79032.458  974            
79121.272  971.70001            
79210.073  978.20001            
79298.862  977.90002            
79387.639  983.29999            
79476.404  981            
79565.156  981.5            
79653.897  979.40002            
79742.626  974.20001            
79831.343  969.90002            
79920.048  971.09998            
80008.74  971.5            
80097.421  975.29999            
80186.09  970.79999            
80274.746  962.70001            
80363.391  962.59998            
80452.023  966            
80540.644  969.29999            
80629.252  972.09998            
80717.849  975.09998            
80806.433  969.70001            
80895.006  961.5            
80983.566  966.90002            
81072.115  962.40002            
81160.651  964.59998            
81249.175  964.79999            
81337.688  958            
81426.188  960.70001            
81514.676  959.29999            
81603.153  968.29999            
81691.617  969.79999            
81780.069  957.90002            
81868.51  961.90002            
81956.938  960.5            
82045.354  953.70001            
82133.758  956.20001            
82222.151  953.70001            
82310.531  955.09998            
82398.899  954.79999            
82487.256  954.5            
82575.6  951.40002            
82663.932  951.90002            
82752.252  961.29999            
82840.561  958.20001            
82928.857  956.29999            
83017.141  947.20001            
83105.414  952.20001            
83193.674  952.09998            
83281.922  949.59998            
83370.159  950.59998            
83458.383  948.70001            
83546.596  946.79999            
83634.796  947.20001            
83722.985  951.90002            
83811.161  956.79999            
83899.326  958.59998            
