3.37             
x       y           
[m<sup>-1</sup>]     [CCD cts]         
9617.9139  792.09998            
9716.0696  793.79999            
9814.2122  799.79999            
9912.3416  810.79999            
10010.458  830.90002            
10108.561  873.40002            
10206.651  947.59998            
10304.728  1050.9            
10402.792  1191.8            
10500.843  1294.9            
10598.881  1316.1            
10696.906  1287.7            
10794.917  1241.8            
10892.916  1215.1            
10990.901  1205.3            
11088.873  1187.2            
11186.832  1190.2            
11284.778  1192.9            
11382.711  1206.4            
11480.631  1230.4            
11578.538  1255.7            
11676.432  1288.1            
11774.312  1304.7            
11872.18  1300.5            
11970.034  1306.4            
12067.876  1308.3            
12165.704  1305.3            
12263.519  1297.3            
12361.322  1289            
12459.111  1270.2            
12556.887  1265.4            
12654.65  1277.2            
12752.399  1281.7            
12850.136  1260.4            
12947.86  1251.3            
13045.571  1258.2            
13143.268  1251.2            
13240.953  1237.1            
13338.624  1254.7            
13436.283  1277.9            
13533.928  1265            
13631.56  1276.2            
13729.18  1292.3            
13826.786  1306.5            
13924.379  1302.4            
14021.959  1324.7            
14119.526  1346.5            
14217.08  1345.6            
14314.621  1351.2            
14412.149  1360.1            
14509.664  1379.1            
14607.166  1395.9            
14704.655  1449.1            
14802.13  1518.6            
14899.593  1604.2            
14997.043  1665.2            
15094.479  1679.3            
15191.903  1608.9            
15289.314  1522.2            
15386.711  1450.8            
15484.096  1397.1            
15581.467  1345.7            
15678.826  1323.6            
15776.171  1309.7            
15873.504  1295.5            
15970.823  1270            
16068.13  1256.7            
16165.423  1252.7            
16262.703  1254.2            
16359.971  1241            
16457.225  1224.6            
16554.466  1223.7            
16651.695  1209.1            
16748.91  1205.3            
16846.112  1199.8            
16943.302  1197.1            
17040.478  1181.8            
17137.641  1176.7            
17234.792  1177.9            
17331.929  1160.4            
17429.053  1165.7            
17526.165  1170.4            
17623.263  1177.2            
17720.348  1175.3            
17817.42  1164.5            
17914.48  1163.6            
18011.526  1170.2            
18108.56  1167.9            
18205.58  1168.5            
18302.587  1163.6            
18399.582  1161.7            
18496.563  1174.3            
18593.532  1190.8            
18690.487  1185.5            
18787.43  1188.5            
18884.359  1190.6            
18981.276  1203.2            
19078.179  1202.1            
19175.07  1195.5            
19271.947  1195.9            
19368.812  1212.7            
19465.664  1212.7            
19562.503  1226.2            
19659.328  1223.9            
19756.141  1214.5            
19852.941  1212.9            
19949.728  1240.9            
20046.502  1255.3            
20143.263  1261.1            
20240.011  1255.3            
20336.746  1260.5            
20433.468  1269.4            
20530.177  1279            
20626.873  1279.6            
20723.557  1297.4            
20820.227  1316.7            
20916.884  1322            
21013.529  1311.8            
21110.16  1331            
21206.779  1361.7            
21303.384  1389.1            
21399.977  1404.2            
21496.557  1432            
21593.124  1448            
21689.677  1464.5            
21786.218  1459.2            
21882.746  1429.8            
21979.261  1427.4            
22075.764  1397.7            
22172.253  1354            
22268.729  1332.8            
22365.193  1307.4            
22461.643  1282.4            
22558.081  1249.6            
22654.505  1220            
22750.917  1208.8            
22847.316  1191.9            
22943.702  1170.8            
23040.075  1164.2            
23136.435  1158.2            
23232.782  1149.6            
23329.116  1146.2            
23425.437  1147.6            
23521.746  1130.2            
23618.041  1111.8            
23714.324  1118.8            
23810.594  1104.2            
23906.85  1085.6            
24003.094  1089.7            
24099.325  1088            
24195.544  1072.7            
24291.749  1067.1            
24387.941  1071.9            
24484.121  1066            
24580.287  1059.7            
24676.441  1053.8            
24772.582  1042.4            
24868.71  1040.9            
24964.825  1040.5            
25060.927  1043.7            
25157.016  1034.4            
25253.092  1035.2            
25349.156  1026.1            
25445.207  1015.4            
25541.244  1019.9            
25637.269  1024.9            
25733.281  1017            
25829.281  1021            
25925.267  1011.1            
26021.24  1013.1            
26117.201  1009.8            
26213.148  1003.4            
26309.083  1003.3            
26405.005  1003.7            
26500.914  1003.8            
26596.811  997.90002            
26692.694  1004.1            
26788.565  992.5            
26884.422  991.29999            
26980.267  993.59998            
27076.099  999.20001            
27171.918  1004.4            
27267.725  1003.2            
27363.518  1000.3            
27459.299  1003.9            
27555.066  1002            
27650.821  1001.4            
27746.563  993.40002            
27842.293  998.40002            
27938.009  1004            
28033.713  992.40002            
28129.403  993.40002            
28225.081  995.5            
28320.746  995.29999            
28416.399  990.70001            
28512.038  987.90002            
28607.665  988            
28703.278  993.20001            
28798.879  999.40002            
28894.467  997.40002            
28990.043  989.5            
29085.605  991.70001            
29181.155  995.59998            
29276.692  1004.5            
29372.216  1006.9            
29467.727  1004.3            
29563.225  1003.7            
29658.711  1004            
29754.184  1011.9            
29849.644  1010.1            
29945.091  1013.7            
30040.525  1009.2            
30135.947  1002            
30231.355  997.40002            
30326.751  1004.6            
30422.134  996.90002            
30517.505  1000.8            
30612.862  997.59998            
30708.207  1000.4            
30803.539  990.40002            
30898.858  990.5            
30994.165  986.79999            
31089.458  997.70001            
31184.739  994.40002            
31280.007  992.59998            
31375.262  989.70001            
31470.505  983.70001            
31565.734  986.90002            
31660.951  985.79999            
31756.156  985.29999            
31851.347  984.40002            
31946.525  983.29999            
32041.691  983.20001            
32136.844  984.29999            
32231.984  990.5            
32327.112  986            
32422.227  986.40002            
32517.329  986            
32612.418  985.20001            
32707.494  982.29999            
32802.558  981.09998            
32897.609  982.79999            
32992.647  981.5            
33087.672  979            
33182.685  972.59998            
33277.685  976            
33372.672  975.70001            
33467.646  972.09998            
33562.608  978.20001            
33657.557  978.40002            
33752.493  974.09998            
33847.416  973.09998            
33942.327  974.29999            
34037.224  975.29999            
34132.11  979.59998            
34226.982  977.40002            
34321.842  979.70001            
34416.689  983.09998            
34511.523  968.79999            
34606.344  972.29999            
34701.153  974.90002            
34795.949  973.29999            
34890.732  977.79999            
34985.503  981.40002            
35080.26  981.40002            
35175.005  975.59998            
35269.738  970.5            
35364.457  974.90002            
35459.164  976.90002            
35553.858  975.79999            
35648.54  972.79999            
35743.208  968            
35837.865  974.90002            
35932.508  976.5            
36027.138  972.5            
36121.756  970.09998            
36216.361  964.09998            
36310.954  971.09998            
36405.534  970.79999            
36500.101  972.20001            
36594.655  971.79999            
36689.197  973.79999            
36783.726  987.59998            
36878.242  984.79999            
36972.745  977.40002            
37067.236  978            
37161.714  977.90002            
37256.18  976.09998            
37350.632  976.40002            
37445.072  980.70001            
37539.5  978.09998            
37633.915  975.79999            
37728.316  975.5            
37822.706  978.20001            
37917.082  977.09998            
38011.446  980.29999            
38105.798  982.70001            
38200.136  983.79999            
38294.462  987.20001            
38388.775  987            
38483.076  990.09998            
38577.364  986.40002            
38671.639  986.40002            
38765.901  994.79999            
38860.151  994.79999            
38954.388  994.20001            
39048.613  1000            
39142.825  1002.8            
39237.024  999.59998            
39331.211  998.59998            
39425.384  996.29999            
39519.546  1004.4            
39613.694  999.90002            
39707.83  1004.8            
39801.953  1018.2            
39896.064  1019.2            
39990.162  1014.1            
40084.247  1008.9            
40178.32  1014            
40272.38  1025.3            
40366.427  1027.9            
40460.462  1028.7            
40554.484  1030.2            
40648.493  1029.2            
40742.49  1030            
40836.474  1023.9            
40930.446  1030            
41024.404  1033            
41118.351  1045.4            
41212.284  1039.5            
41306.205  1034.2            
41400.113  1037.6            
41494.009  1042.2            
41587.892  1041.8            
41681.763  1042.7            
41775.62  1046.9            
41869.466  1036.5            
41963.298  1032.9            
42057.118  1035.6            
42150.925  1034.5            
42244.72  1039.9            
42338.502  1035.2            
42432.272  1040.6            
42526.029  1041.6            
42619.773  1043.6            
42713.504  1030.7            
42807.223  1029.1            
42900.93  1035.6            
42994.624  1043.9            
43088.305  1034.9            
43181.973  1028.1            
43275.629  1029.6            
43369.273  1030            
43462.904  1027.8            
43556.522  1024.1            
43650.127  1020.8            
43743.72  1020.7            
43837.301  1017.8            
43930.869  1018.4            
44024.424  1011.1            
44117.967  1025.4            
44211.497  1021.9            
44305.014  1020.6            
44398.519  1018.1            
44492.011  1017.4            
44585.491  1011.6            
44678.958  1016.7            
44772.413  1017.3            
44865.855  1017.3            
44959.284  1007.2            
45052.701  1006.6            
45146.105  1016.3            
45239.497  1014.1            
45332.876  1014.4            
45426.243  1004.9            
45519.597  1008.9            
45612.938  1013.5            
45706.267  1014.9            
45799.583  1013            
45892.887  1016.4            
45986.178  1011.8            
46079.457  1022.7            
46172.723  1022.2            
46265.976  1012.4            
46359.217  1010.9            
46452.445  1016.2            
46545.661  1008.6            
46638.865  1020.7            
46732.055  1022.2            
46825.233  1015.4            
46918.399  1017.5            
47011.552  1021.2            
47104.693  1025.7            
47197.821  1029            
47290.936  1026.4            
47384.039  1024.8            
47477.13  1030.1            
47570.207  1020.6            
47663.273  1029.1            
47756.325  1036.3            
47849.366  1038.6            
47942.393  1038.5            
48035.409  1043.3            
48128.411  1040.1            
48221.401  1045.9            
48314.379  1044.7            
48407.344  1039.8            
48500.297  1050.4            
48593.237  1062.1            
48686.164  1054.9            
48779.079  1066.4            
48871.982  1067            
48964.872  1069.3            
49057.749  1065.5            
49150.614  1070            
49243.467  1077.7            
49336.307  1088.1            
49429.134  1082            
49521.949  1080.9            
49614.751  1075.8            
49707.541  1075.4            
49800.319  1079.3            
49893.084  1085.2            
49985.836  1087.5            
50078.576  1091            
50171.303  1082.9            
50264.018  1087.5            
50356.721  1093.5            
50449.411  1099.8            
50542.088  1095            
50634.753  1096.9            
50727.406  1096.3            
50820.046  1091.5            
50912.673  1092.3            
51005.288  1096.2            
51097.891  1093.1            
51190.481  1098.7            
51283.058  1101.3            
51375.623  1103.3            
51468.176  1093.5            
51560.716  1094.6            
51653.244  1098.5            
51745.759  1099.1            
51838.262  1101.1            
51930.752  1105.8            
52023.23  1105.9            
52115.695  1103.9            
52208.148  1111.6            
52300.589  1110.2            
52393.016  1108.6            
52485.432  1104.8            
52577.835  1108.2            
52670.226  1098.5            
52762.604  1097.2            
52854.969  1110.1            
52947.323  1119.8            
53039.663  1115.4            
53131.992  1107.5            
53224.307  1095.4            
53316.611  1098.4            
53408.902  1100.9            
53501.18  1094.5            
53593.446  1101.4            
53685.7  1105.5            
53777.941  1107            
53870.17  1107.5            
53962.386  1105.1            
54054.59  1105.2            
54146.782  1102.4            
54238.961  1094.6            
54331.127  1095.5            
54423.281  1093.6            
54515.423  1084.5            
54607.552  1089.8            
54699.669  1094.1            
54791.774  1082.3            
54883.866  1082.8            
54975.945  1078.3            
55068.012  1077.5            
55160.067  1080.4            
55252.109  1096.6            
55344.139  1091.5            
55436.157  1084.6            
55528.162  1094            
55620.155  1081            
55712.135  1076.2            
55804.103  1073.2            
55896.058  1072.7            
55988.001  1069.5            
56079.932  1068.7            
56171.85  1075            
56263.756  1080.7            
56355.649  1079            
56447.53  1080.6            
56539.399  1077.1            
56631.255  1074.6            
56723.099  1081.9            
56814.93  1083.7            
56906.749  1083.8            
56998.556  1087.7            
57090.35  1074            
57182.132  1076.6            
57273.902  1082.7            
57365.659  1088.6            
57457.404  1083.5            
57549.136  1083.3            
57640.856  1090.5            
57732.563  1091.5            
57824.259  1098.3            
57915.941  1097.8            
58007.612  1095            
58099.27  1092.4            
58190.916  1091.7            
58282.549  1093.4            
58374.17  1097.4            
58465.779  1093.3            
58557.375  1087.6            
58648.959  1097.8            
58740.53  1098.1            
58832.089  1105.8            
58923.636  1110.9            
59015.171  1109.2            
59106.693  1119.9            
59198.202  1107.8            
59289.7  1104.3            
59381.185  1108.5            
59472.657  1126.7            
59564.118  1118.5            
59655.565  1122.5            
59747.001  1127.8            
59838.424  1138.5            
59929.835  1132.8            
60021.234  1126.3            
60112.62  1138.8            
60203.994  1147.5            
60295.355  1134.7            
60386.704  1132.6            
60478.041  1147.3            
60569.366  1156.7            
60660.678  1165.7            
60751.978  1178.1            
60843.265  1181.2            
60934.541  1176.9            
61025.803  1181.8            
61117.054  1192.4            
61208.292  1195.9            
61299.518  1202.5            
61390.732  1202            
61481.933  1194.6            
61573.122  1221.7            
61664.298  1213.6            
61755.463  1217.9            
61846.615  1228.8            
61937.754  1230.9            
62028.881  1232.7            
62119.996  1229.4            
62211.099  1249.7            
62302.19  1259.7            
62393.268  1264.4            
62484.333  1263.9            
62575.387  1277.7            
62666.428  1274.4            
62757.457  1276.9            
62848.474  1289.1            
62939.478  1306.8            
63030.47  1311            
63121.449  1310.3            
63212.417  1304.2            
63303.372  1297.6            
63394.315  1309.4            
63485.245  1321.2            
63576.163  1328.4            
63667.069  1342.8            
63757.963  1346.3            
63848.844  1347            
63939.713  1343.1            
64030.57  1337.8            
64121.415  1345.8            
64212.247  1355.8            
64303.067  1351.5            
64393.875  1358.1            
64484.67  1357.4            
64575.453  1335.8            
64666.224  1340.4            
64756.983  1332.3            
64847.729  1322.7            
64938.463  1307.7            
65029.185  1315.3            
65119.894  1299.4            
65210.591  1288.8            
65301.276  1269            
65391.949  1250.8            
65482.61  1223.7            
65573.258  1206.2            
65663.894  1200            
65754.517  1185.6            
65845.129  1174            
65935.728  1173.6            
66026.315  1160.9            
66116.89  1137.8            
66207.452  1118            
66298.002  1112.2            
66388.54  1113.3            
66479.066  1105.8            
66569.579  1101.9            
66660.08  1086.9            
66750.569  1063.6            
66841.046  1063.6            
66931.511  1057.3            
67021.963  1058            
67112.403  1055            
67202.831  1051.5            
67293.246  1046.5            
67383.65  1042.7            
67474.041  1033            
67564.42  1033.7            
67654.786  1034.8            
67745.141  1031            
67835.483  1026.8            
67925.813  1020.2            
68016.13  1018.4            
68106.436  1023.5            
68196.729  1030.8            
68287.01  1025.1            
68377.279  1018.5            
68467.536  1017.9            
68557.78  1015.4            
68648.013  1018.3            
68738.233  1017.4            
68828.44  1012.3            
68918.636  1009.4            
69008.819  1011.2            
69098.991  1006.6            
69189.15  1004.6            
69279.296  1004.2            
69369.431  998.29999            
69459.553  1002.5            
69549.664  1006.9            
69639.762  1010.6            
69729.848  1005.6            
69819.921  1000.1            
69909.983  1002.6            
70000.032  998.20001            
70090.069  1001.5            
70180.094  1002.9            
70270.106  995.29999            
70360.107  994            
70450.095  991.20001            
70540.071  990            
70630.035  986.79999            
70719.987  982.90002            
70809.927  985.09998            
70899.854  984.70001            
70989.769  990.70001            
71079.672  984.20001            
71169.563  978.59998            
71259.442  983.59998            
71349.308  986.5            
71439.163  982.70001            
71529.005  978.09998            
71618.835  980            
71708.653  980.5            
71798.459  985.90002            
71888.252  985.20001            
71978.034  987.20001            
72067.803  983.20001            
72157.56  981            
72247.305  976.59998            
72337.038  977.20001            
72426.758  975.40002            
72516.467  968.5            
72606.163  965            
72695.847  970.79999            
72785.519  968            
72875.179  969.40002            
72964.827  966.5            
73054.463  968.09998            
73144.086  963.5            
73233.697  958.29999            
73323.297  967.20001            
73412.884  969.20001            
73502.458  967.09998            
73592.021  962.59998            
73681.572  969.40002            
73771.11  969.70001            
73860.637  967.5            
73950.151  965.59998            
74039.653  957.79999            
74129.143  962.79999            
74218.621  966            
74308.087  962.29999            
74397.54  959.79999            
74486.982  955.29999            
74576.411  955.40002            
74665.828  956.59998            
74755.234  956.59998            
74844.627  952.09998            
74934.008  950.09998            
75023.376  951.29999            
75112.733  955.40002            
75202.078  953.29999            
75291.41  955.79999            
75380.73  951.59998            
75470.039  948.29999            
75559.335  950.5            
75648.619  944.20001            
75737.891  948.90002            
75827.151  950.59998            
75916.398  945.79999            
76005.634  947.79999            
76094.858  948.59998            
76184.069  941.59998            
76273.269  944.70001            
76362.456  945.09998            
76451.631  946.20001            
76540.794  940.5            
76629.945  939.40002            
76719.084  944.79999            
76808.211  942.40002            
76897.326  944.70001            
76986.428  943.79999            
77075.519  945            
77164.597  940.20001            
77253.664  944            
77342.718  945.29999            
77431.761  946            
77520.791  947.5            
77609.809  946            
77698.815  945.5            
77787.809  947.29999            
77876.791  949.20001            
77965.761  944.59998            
78054.719  943.79999            
78143.664  941.59998            
78232.598  938.79999            
78321.52  941.29999            
78410.429  940            
78499.327  945.20001            
78588.212  946.20001            
78677.085  948.70001            
78765.947  950            
78854.796  949.09998            
78943.633  950.29999            
79032.458  944.29999            
79121.272  946.29999            
79210.073  940.79999            
79298.862  943            
79387.639  948.29999            
79476.404  949.09998            
79565.156  948            
79653.897  946.09998            
79742.626  940            
79831.343  937.40002            
79920.048  936.59998            
80008.74  938.5            
80097.421  937.79999            
80186.09  937.20001            
80274.746  938.5            
80363.391  939.40002            
80452.023  940.40002            
80540.644  938.40002            
80629.252  937.40002            
80717.849  940.90002            
80806.433  939.70001            
80895.006  936.20001            
80983.566  936            
81072.115  931.09998            
81160.651  932            
81249.175  931.90002            
81337.688  931.40002            
81426.188  932            
81514.676  931.79999            
81603.153  940            
81691.617  931            
81780.069  928.79999            
81868.51  930.70001            
81956.938  928.20001            
82045.354  924.70001            
82133.758  928.79999            
82222.151  927.09998            
82310.531  930            
82398.899  926.90002            
82487.256  927.29999            
82575.6  928.79999            
82663.932  932.09998            
