"C:\Users\makhmutov\Desktop\lgdf.txt"
""
""
2212.3933               -16.093327502012         
2419.8558               -16.0839018132983        
2627.26                 -13.074478773341         
2834.6059               -15.0650583821404        
3041.8936               -14.0556406351529        
3249.1231               -14.0462255323786        
3456.2943               -16.0368130783609        
3663.4075               -14.0274032594697        
3870.4624               -14.0179960893351        
4077.4593               -14.008591554327         
4284.398                -14.9991896635322        
4491.2787               -13.9897904078639        
4698.1013               -12.9803937918655        
4904.8658               -12.970999815537         
5111.5724               -11.9616084697917        
5318.2209               -14.9522197637164        
5524.8115               -12.9428336882242        
5731.3442               -11.9334502433153        
5937.8189               -11.924069433533         
6144.2357               -13.914691254334         
6350.5947               -11.9053157011748        
6556.8958               -11.8959427785989        
6763.139                -9.88657248660624        
6969.3245               -6.87720481611019        
7175.4521               -8.86783977619738        
7381.522                -4.85847735778117        
7587.5342               -3.84911756086156        
7793.4886               -2.83976038998188        
7999.3853               2.16959415940121         
8205.2243               1.17894608728768         
8411.0057               2.18829539822088         
8616.7295               1.1976420922008          
8822.3956               2.20698616468412         
9028.0042               3.21632762475748         
9233.5552               1.22566646787756         
9439.0486               3.23500269404435         
9644.4846               6.24433631234451         
9849.863                3.25366731369139         
10055.184               5.26299570717164         
10260.447               1.27232146552531         
10465.653               5.28164463418564         
10670.802               8.29096521315262         
10875.893               3.30028315699302         
11080.927               4.30959851114008         
11285.904               4.31891127559379         
11490.823               3.32822140492094         
11695.685               2.33752894455473         
11900.49                1.34683389449517         
12105.237               4.35613620930904         
12309.927               1.36543593442956         
12514.56                4.37473306985674         
12719.136               5.38402761559056         
12923.654               -0.606680473802182       
13128.116               3.40260889254494         
13332.52                0.411895623765496        
13536.867               -0.578820234707298       
13741.157               5.43046131712656         
13945.391               0.439740324700279        
14149.567               1.44901669714743         
14353.686               3.45829047990124         
14557.748               4.46756167296169         
14761.753               8.47683027632879         
14965.701               1.48609629000255         
15169.592               2.49535971398295         
15373.426               3.50462054827            
15577.204               8.51387883829692         
15780.924               4.52313449319727         
15984.588               5.53238760383749         
16188.195               2.54163812478436         
16391.745               0.55088605603788         
16595.238               3.56013139759805         
16798.675               3.56937419489808         
17002.054               2.57861435707155         
17205.378               3.5878520204181          
17408.644               0.597087048638082        
17611.854               4.60631953259793         
17815.007               4.61554942686443         
18018.103               3.62477673143758         
18221.143               6.6340014917506          
18424.127               3.64322370780348         
18627.053               4.65244328872979         
18829.923               -0.338339674604026       
19032.737               1.67087481780202         
19235.494               4.68008672051472         
19438.195               8.68929607896728         
19640.839               1.6985028477265          
19843.427               3.70770707222558         
20045.959               4.71690875246452         
20248.434               4.72610784301012         
20450.853               3.73530438929558         
20653.215               2.74449834588769         
20855.521               4.75368975821967         
21057.771               5.76287862629152         
21259.964               0.772064904670012        
21462.101               1.78124863878837         
21664.182               1.7904298286466          
21866.207               0.799608474244694        
22068.176               4.80878457558265         
22270.088               6.81795808722726         
22471.945               3.82712910004496         
22673.745               3.8362975231693          
22875.489               5.84546340203351         
23077.177               -0.145373263362416       
23278.809               1.86378752698153         
23480.384               3.87294572763212         
23681.904               2.88210142945579         
23883.368               -4.10874541298067        
24084.776               -0.0995947996772604      
24286.128               3.90955326936601         
24487.424               1.91869879414915         
24688.664               -3.07215822532784        
24889.848               0.936982210935034        
25090.977               2.94612014837099         
25292.049               -4.04474450388641        
25493.066               4.96438834502928         
25694.027               1.97351864968484         
25894.932               0.98264641008026         
26095.781               1.99177162621555         
26296.575               -2.99910565647608        
26497.312               7.01001447113894         
26697.994               4.01913209992704         
26898.621               6.02824722988823         
27099.192               9.03735981558928         
27299.707               1.0464698570302          
27500.167               5.05557739964421         
27700.571               10.0646823979981         
27900.919               3.07378485209181         
28101.212               5.08288480735863         
28301.449               5.09198221836531         
28501.631               8.10107713054508         
28701.757               15.1101694984647         
28901.828               15.1192593675574         
29101.844               12.1283467378232         
29301.804               13.1374315638289         
29501.708               8.14651384557443         
29701.557               9.15559362849305         
29901.351               9.16467091258475         
30101.09                8.17374569784953         
30300.773               5.18281793885418         
30500.401               6.19188768103191         
30699.973               20.2009548789495         
30899.491               19.2100196234734         
31098.953               22.2190818237372         
31298.36                24.228141525174          
31497.712               27.2371987277839         
31697.008               27.2462533861337         
31896.25                32.2553055910898         
32095.436               29.2643552517858         
32294.567               18.2734024136549         
32493.643               15.282447076697          
32692.664               14.2914892409122         
32891.63                9.30052890630049         
33090.541               8.30956607286187         
33289.397               12.3186007405963         
33488.198               12.3276329095039         
33686.944               12.3366625795845         
33885.635               7.34568975083821         
34084.272               12.3547144686982         
34282.853               12.3637366422981         
34481.379               16.3727563170711         
34679.851               9.38177353845032         
34878.267               10.3907882155694         
35076.629               15.3998004392949         
35274.936               17.4088101641934         
35473.189               18.4178174356982         
35671.386               20.4268221629429         
35869.529               13.4358244367938         
36067.617               21.4448242118179         
36265.651               28.4538215334482         
36463.629               34.4628163108185         
36661.554               30.4718086802282         
36859.423               42.4807985053778         
37057.238               36.4897858771337         
37254.998               40.4987707500627         
37452.704               41.507753169598          
37650.355               40.5167330903064         
37847.952               31.525710557621          
38045.494               17.5346855261088         
38242.982               13.5436580412029         
38440.415               12.55262805747           
38637.794               12.5615956203434         
38835.118               9.57056068438995         
39032.388               9.57952329504277         
39229.603               15.5884834068687         
39426.765               8.59744111073409         
39623.872               6.60639631577259         
39820.924               4.61534902198418         
40017.922               9.62429927480206         
40214.866               8.63324707422625         
40411.756               4.64219242025673         
40608.592               3.65113531289352         
40805.373               1.66007570670338         
41002.1                 4.66901364711955         
41198.773               7.67794913414202         
41395.391               9.68688212233757         
41591.956               9.69581270257264         
41788.467               7.704740829414           
41984.923               7.71366645742845         
42181.325               10.7225896320492         
42377.674               8.73151039870947         
42573.968               5.74042866654281         
42770.208               7.74934448098246         
42966.394               9.75825784202841         
43162.527               5.76716879511387         
43358.605               5.77607724937242         
43554.629               6.78498325023727         
43750.6                 7.79388684314163         
43946.516               11.8027879372191         
44142.379               8.81168662333604         
44338.188               9.82058285605931         
44533.943               3.82947663538887         
44729.644               8.83836796132473         
44925.292               10.8472568793001         
45120.885               5.85614329844857         
45316.425               7.86502730963655         
45511.912               6.87390891286404         
45707.344               6.88278801726462         
45902.723               1.89166471370471         
46098.048               8.90053895675111         
46293.32                1.90941079183702         
46488.537               5.91828012809601         
46683.702               9.92714710182774         
46878.812               8.93601157673254         
47073.87                12.9448736891101         
47268.873               5.95373330266071         
47463.823               10.9625905082509         
47658.72                10.9714453058805         
47853.563               9.98029765011647         
48048.352               12.9891475409587         
48243.089               14.9979950692737         
48437.771               8.00684009876179         
48632.401               11.0156827657226         
48826.977               8.02452297928971         
49021.499               6.03336073946311         
49215.968               9.04219609167603         
49410.384               3.05102903592847         
49604.747               9.05985957222043         
49799.056               7.06868765511868         
49993.312               9.07751333005645         
50187.515               10.0863365970337         
50381.665               5.09515745605055         
50575.761               13.1039758616736         
50769.804               3.11279185933627         
50963.795               7.12160549447163         
51157.731               8.13041663078006         
51351.615               8.13922540456123         
51545.446               10.1480317703819         
51739.224               14.1568357282421         
51932.948               12.1656372327086         
52126.62                9.17443637464786         
52320.238               13.1832330631934         
52513.803               11.1920273437784         
52707.316               10.2008192618362         
52900.776               6.20960877193353         
53094.182               9.21839582863713         
53287.536               13.2271805228135         
53480.836               12.2359627635961         
53674.084               12.2447426418515         
53867.279               13.2535201121463         
54060.421               16.2622951744807         
54253.511               18.2710678742879         
54446.547               18.2798381207013         
54639.531               19.2886060045875         
54832.462               18.2973714805132         
55025.34                16.3061345484784         
55218.166               15.3148952539163         
55410.939               18.3236535513937         
55603.659               15.3324094409107         
55796.326               17.3411629224672         
55988.941               23.3499140414964         
56181.503               26.3586627525651         
56374.013               22.3674091011066         
56566.47                22.3761530416876         
56758.874               27.3848945743081         
56951.226               26.3936337444013         
57143.525               20.402370506534          
57335.772               28.4111049061395         
57527.966               24.4198368977845         
57720.108               24.4285665269022         
57912.198               32.4372937934927         
58104.235               26.4460186521227         
58296.219               28.4547411027922         
58488.151               32.4634611909344         
58680.031               16.4721789165493         
58871.859               23.480894279637          
59063.634               22.4896072347643         
59255.356               25.498317781931          
59447.027               21.5070260120037         
59638.645               22.5157318341158         
59830.211               16.5244352937008         
60021.725               23.5331363907584         
60213.186               24.5418350798556         
60404.596               27.5505314518587         
60595.953               29.5592254159014         
60787.258               24.5679170174167         
60978.511               26.5766062564048         
61169.711               19.5852930874325         
61360.86                25.593977601366          
61551.957               31.6026597527723         
61743.001               26.6113394962182         
61933.994               36.6200169225699         
62124.934               32.6286919409612         
62315.822               38.6373645968253         
62506.659               44.6460349355952         
62697.443               39.6547028664047         
62888.176               32.6633684801201         
63078.857               43.6720317313083         
63269.485               38.680692574536          
63460.062               53.6893511006696         
63650.587               43.698007264276          
63841.06                48.7066610653551         
64031.482               53.7153125493402         
64221.851               59.7239616253647         
64412.169               75.7326083842953         
64602.435               91.7412527806985         
64792.649               108.749894814574         
64982.811               114.758534485923         
65172.922               158.767171840178         
65362.981               164.775806831905         
65552.988               186.784439461105         
65742.944               201.793069773211         
65932.848               210.80169772279          
66122.701               183.810323355275         
66312.501               160.818946579799         
66502.251               122.827567532663         
66691.949               98.836186122999          
66881.595               77.8448023508079         
67071.189               70.8534162160896         
67260.733               62.8620278097104         
67450.224               52.8706369953707         
67639.664               49.879243863937          
67829.053               36.8878484154092         
68018.391               33.8964506497874         
68207.677               21.9050505216383         
68396.911               18.913648030962          
68586.094               23.9222432231915         
68775.226               19.9308360983271         
68964.307               17.9394266563686         
69153.336               9.94801485188282         
69342.314               10.956600730303          
69531.24                11.9651842461959         
69720.116               12.973765490428          
69908.94                8.9823443721328          
70097.713               10.9909209367436         
70286.435               7.99949518426027         
70475.105               10.0080670692497         
70663.725               11.0166366825783         
70852.293               7.02520393337966         
71040.81                6.03376886708696         
71229.276               10.0423314837002         
71417.691               10.0508917832194         
71606.055               8.05944976564453         
71794.368               9.06800543097563         
71982.63                5.07655877921267         
72170.841               7.08510981035566         
72359.001               7.0936585244046          
72547.109               3.10220487592627         
72735.167               7.11074895578711         
72923.174               10.1192907185539         
73111.131               5.12783020965986         
73299.036               7.13636733823855         
73486.89                5.14490214972319         
73674.694               4.153434689547           
73862.446               1.16196486684354         
74050.148               1.17049277247924         
74237.799               5.1790183610209          
74425.399               6.1875416324685          
74612.949               3.19606263225527         
74800.447               2.20458126951478         
74987.896               1.21309768054666         
75175.293               3.22161172905129         
75362.639               7.23012346046186         
75549.935               4.23863292021159         
75737.181               0.247140108300496        
75924.375               -0.744355066137868       
76111.519               2.26414748776294         
76298.613               9.27264777000291         
76485.656               3.28114573514882         
76672.648               3.28964138320069         
76859.59                4.29813475959173         
77046.481               2.30662581888871         
77233.322               3.31511460652486         
77420.112               -0.676398922933037       
77606.852               1.33208527594823         
77793.542               -0.659432796831336       
77980.181               2.34904681329505         
78166.769               2.35752410632738         
78353.308               2.3659991731321          
78539.795               3.37447187740955         
78726.233               1.38294235545938         
78912.62                -0.608589483584839       
79098.957               3.39987640571011         
79285.243               2.40833997791101         
79471.48                1.41680132388429         
79657.666               1.42526035276352         
79843.801               3.4337170645487          
80029.887               -0.557828449893734       
80215.922               1.45062371856978         
80401.907               2.45907361537246         
80587.842               0.467521240514307        
80773.727               1.47596659399532         
80959.562               -2.5155903241845         
81145.347               1.49285048597485         
81331.081               2.50128897904014         
81516.766               -1.49027475412218        
81702.4                 2.51815919562145         
81887.984               -0.473409126295757       
82073.519               3.53502032555942         
82259.003               4.54344746032055         
82444.438               -0.448127631145941       
82629.822               0.56029496029352         
82815.156               2.56871528007215         
83000.441               2.57713337362316         
83185.676               -0.414450804486666       
83370.86                3.59396270030946         
83555.995               4.60237397887797         
83741.08                -2.38921701421436        
83926.115               3.61918972103249         
84111.101               0.627594230051712        
84296.036               3.63599642197689         
84480.922               -0.355603612325555       
84665.758               -0.347205918288831       
84850.545               -0.338810450479724       
85035.281               -2.33041729976467        
85219.968               1.67797362472277         
85404.605               -2.31363772245062        
85589.193               1.69474870414837         
85773.731               1.70313285908653         
85958.219               2.71151474236385         
86142.657               1.71989435398034         
86327.046               6.72827173936921         
86511.386               0.736646898530467        
86695.676               0.745019786030889        
86879.916               0.753390401870477        
87064.107               3.76175879148245         
87248.248               0.770124909433586        
87432.34                3.77848880115711         
87616.383               4.78685046665301         
87800.375               0.795209815054864        
87984.319               0.803566982662317        
88168.213               2.81192187860894         
88352.058               -2.17972545167206        
88535.853               -1.17137505361389        
88719.599               -3.16302688178334        
88903.296               -0.154680936180403       
89086.943               -1.1463372622383         
89270.541               1.86200418547618         
89454.09                -0.129656593036949       
89637.589               -1.12131964321091        
89821.039               -1.1129849196125         
90004.44                0.895347577758304        
90187.792               -2.09632215109851        
90371.094               -1.08799415161616        
90554.348               2.92033166707179         
90737.552               -1.0713447859011         
90920.707               1.9369765348984          
91103.813               -2.05470437052971        
91286.87                -3.04638750218545        
91469.877               2.96192709449798         
91652.836               -0.0297604896129852      
91835.746               -2.02145029995157        
92018.606               0.986857618049011        
92201.418               -0.00483664474480764     
92384.18                3.00346682080054         
92566.894               4.01176810555149         
92749.558               -1.9799328813584         
92932.174               1.02836395093731         
93114.741               1.03665855700541         
93297.259               2.04495093684589         
93479.727               1.05324104502554         
93662.147               3.06152897241078         
93844.519               2.06981471900163         
94026.841               -1.92190180606836        
94209.115               -2.91362051193275        
94391.339               1.09465851054203         
94573.515               4.10293535222241         
94755.642               0.111209967675167        
94937.721               1.11948240233353         
95119.751               2.12775261076427         
95301.732               -0.863979407032602       
95483.664               3.14428634894291         
95665.547               -3.8474501213092         
95847.382               0.160811227644294        
96029.169               0.169070395803386        
96210.906               1.17732729230165         
96392.596               -0.814417946561279       
96574.236               0.193834542914963        
96755.828               3.2020848515968          
96937.371               1.21033293405103         
97118.866               3.21857883571085         
97300.312               1.22682251114306         
97481.71                -0.764935994219132       
97663.06                2.24330331962428         
97844.36                1.25154036180685         
98025.613               0.259775268628238        
98206.817               3.26800794922201         
98387.972               1.27623840358817         
98569.08                3.28446672259314         
98750.138               2.29269276993728         
98931.149               3.30091668192023         
99112.111               2.30913836767557         
99293.025               0.31735787263651         
99473.89                0.325575151369832        
99654.707               -0.666209750691247       
99835.476               -2.65799683354673        
100016.2                -4.64978596089696        
100196.87               0.358422458359114        
100377.49               0.366628605954352        
100558.07               -0.625167063779078       
100738.6                0.383034994826658        
100919.08               -0.60876521822844        
101099.51               -0.600567702944371       
101279.89               1.40762754067886         
101460.23               2.41582096697343         
101640.51               -1.575988332725          
101820.75               0.432200550247903        
102000.94               -2.55961283844003        
102181.09               -2.55142804445663        
102361.18               -2.54324597646623        
102541.23               2.46493427419551         
102721.23               -1.52688774680359        
102901.18               1.48128796053647         
