2212.3933  775            
2419.8558  775            
2627.26  778            
2834.6059  776            
3041.8936  777            
3249.1231  777            
3456.2943  775            
3663.4075  777            
3870.4624  777            
4077.4593  777            
4284.398  776            
4491.2787  777            
4698.1013  778            
4904.8658  778            
5111.5724  779            
5318.2209  776            
5524.8115  778            
5731.3442  779            
5937.8189  779            
6144.2357  777            
6350.5947  779            
6556.8958  779            
6763.139  781            
6969.3245  784            
7175.4521  782            
7381.522  786            
7587.5342  787            
7793.4886  788            
7999.3853  793            
8205.2243  792            
8411.0057  793            
8616.7295  792            
8822.3956  793            
9028.0042  794            
9233.5552  792            
9439.0486  794            
9644.4846  797            
9849.863  794            
10055.184  796            
10260.447  792            
10465.653  796            
10670.802  799            
10875.893  794            
11080.927  795            
11285.904  795            
11490.823  794            
11695.685  793            
11900.49  792            
12105.237  795            
12309.927  792            
12514.56  795            
12719.136  796            
12923.654  790            
13128.116  794            
13332.52  791            
13536.867  790            
13741.157  796            
13945.391  791            
14149.567  792            
14353.686  794            
14557.748  795            
14761.753  799            
14965.701  792            
15169.592  793            
15373.426  794            
15577.204  799            
15780.924  795            
15984.588  796            
16188.195  793            
16391.745  791            
16595.238  794            
16798.675  794            
17002.054  793            
17205.378  794            
17408.644  791            
17611.854  795            
17815.007  795            
18018.103  794            
18221.143  797            
18424.127  794            
18627.053  795            
18829.923  790            
19032.737  792            
19235.494  795            
19438.195  799            
19640.839  792            
19843.427  794            
20045.959  795            
20248.434  795            
20450.853  794            
20653.215  793            
20855.521  795            
21057.771  796            
21259.964  791            
21462.101  792            
21664.182  792            
21866.207  791            
22068.176  795            
22270.088  797            
22471.945  794            
22673.745  794            
22875.489  796            
23077.177  790            
23278.809  792            
23480.384  794            
23681.904  793            
23883.368  786            
24084.776  790            
24286.128  794            
24487.424  792            
24688.664  787            
24889.848  791            
25090.977  793            
25292.049  786            
25493.066  795            
25694.027  792            
25894.932  791            
26095.781  792            
26296.575  787            
26497.312  797            
26697.994  794            
26898.621  796            
27099.192  799            
27299.707  791            
27500.167  795            
27700.571  800            
27900.919  793            
28101.212  795            
28301.449  795            
28501.631  798            
28701.757  805            
28901.828  805            
29101.844  802            
29301.804  803            
29501.708  798            
29701.557  799            
29901.351  799            
30101.09  798            
30300.773  795            
30500.401  796            
30699.973  810            
30899.491  809            
31098.953  812            
31298.36  814            
31497.712  817            
31697.008  817            
31896.25  822            
32095.436  819            
32294.567  808            
32493.643  805            
32692.664  804            
32891.63  799            
33090.541  798            
33289.397  802            
33488.198  802            
33686.944  802            
33885.635  797            
34084.272  802            
34282.853  802            
34481.379  806            
34679.851  799            
34878.267  800            
35076.629  805            
35274.936  807            
35473.189  808            
35671.386  810            
35869.529  803            
36067.617  811            
36265.651  818            
36463.629  824            
36661.554  820            
36859.423  832            
37057.238  826            
37254.998  830            
37452.704  831            
37650.355  830            
37847.952  821            
38045.494  807            
38242.982  803            
38440.415  802            
38637.794  802            
38835.118  799            
39032.388  799            
39229.603  805            
39426.765  798            
39623.872  796            
39820.924  794            
40017.922  799            
40214.866  798            
40411.756  794            
40608.592  793            
40805.373  791            
41002.1  794            
41198.773  797            
41395.391  799            
41591.956  799            
41788.467  797            
41984.923  797            
42181.325  800            
42377.674  798            
42573.968  795            
42770.208  797            
42966.394  799            
43162.527  795            
43358.605  795            
43554.629  796            
43750.6  797            
43946.516  801            
44142.379  798            
44338.188  799            
44533.943  793            
44729.644  798            
44925.292  800            
45120.885  795            
45316.425  797            
45511.912  796            
45707.344  796            
45902.723  791            
46098.048  798            
46293.32  791            
46488.537  795            
46683.702  799            
46878.812  798            
47073.87  802            
47268.873  795            
47463.823  800            
47658.72  800            
47853.563  799            
48048.352  802            
48243.089  804            
48437.771  797            
48632.401  800            
48826.977  797            
49021.499  795            
49215.968  798            
49410.384  792            
49604.747  798            
49799.056  796            
49993.312  798            
50187.515  799            
50381.665  794            
50575.761  802            
50769.804  792            
50963.795  796            
51157.731  797            
51351.615  797            
51545.446  799            
51739.224  803            
51932.948  801            
52126.62  798            
52320.238  802            
52513.803  800            
52707.316  799            
52900.776  795            
53094.182  798            
53287.536  802            
53480.836  801            
53674.084  801            
53867.279  802            
54060.421  805            
54253.511  807            
54446.547  807            
54639.531  808            
54832.462  807            
55025.34  805            
55218.166  804            
55410.939  807            
55603.659  804            
55796.326  806            
55988.941  812            
56181.503  815            
56374.013  811            
56566.47  811            
56758.874  816            
56951.226  815            
57143.525  809            
57335.772  817            
57527.966  813            
57720.108  813            
57912.198  821            
58104.235  815            
58296.219  817            
58488.151  821            
58680.031  805            
58871.859  812            
59063.634  811            
59255.356  814            
59447.027  810            
59638.645  811            
59830.211  805            
60021.725  812            
60213.186  813            
60404.596  816            
60595.953  818            
60787.258  813            
60978.511  815            
61169.711  808            
61360.86  814            
61551.957  820            
61743.001  815            
61933.994  825            
62124.934  821            
62315.822  827            
62506.659  833            
62697.443  828            
62888.176  821            
63078.857  832            
63269.485  827            
63460.062  842            
63650.587  832            
63841.06  837            
64031.482  842            
64221.851  848            
64412.169  864            
64602.435  880            
64792.649  897            
64982.811  903            
65172.922  947            
65362.981  953            
65552.988  975            
65742.944  990            
65932.848  999            
66122.701  972            
66312.501  949            
66502.251  911            
66691.949  887            
66881.595  866            
67071.189  859            
67260.733  851            
67450.224  841            
67639.664  838            
67829.053  825            
68018.391  822            
68207.677  810            
68396.911  807            
68586.094  812            
68775.226  808            
68964.307  806            
69153.336  798            
69342.314  799            
69531.24  800            
69720.116  801            
69908.94  797            
70097.713  799            
70286.435  796            
70475.105  798            
70663.725  799            
70852.293  795            
71040.81  794            
71229.276  798            
71417.691  798            
71606.055  796            
71794.368  797            
71982.63  793            
72170.841  795            
72359.001  795            
72547.109  791            
72735.167  795            
72923.174  798            
73111.131  793            
73299.036  795            
73486.89  793            
73674.694  792            
73862.446  789            
74050.148  789            
74237.799  793            
74425.399  794            
74612.949  791            
74800.447  790            
74987.896  789            
75175.293  791            
75362.639  795            
75549.935  792            
75737.181  788            
75924.375  787            
76111.519  790            
76298.613  797            
76485.656  791            
76672.648  791            
76859.59  792            
77046.481  790            
77233.322  791            
77420.112  787            
77606.852  789            
77793.542  787            
77980.181  790            
78166.769  790            
78353.308  790            
78539.795  791            
78726.233  789            
78912.62  787            
79098.957  791            
79285.243  790            
79471.48  789            
79657.666  789            
79843.801  791            
80029.887  787            
80215.922  789            
80401.907  790            
80587.842  788            
80773.727  789            
80959.562  785            
81145.347  789            
81331.081  790            
81516.766  786            
81702.4  790            
81887.984  787            
82073.519  791            
82259.003  792            
82444.438  787            
82629.822  788            
82815.156  790            
83000.441  790            
83185.676  787            
83370.86  791            
83555.995  792            
83741.08  785            
83926.115  791            
84111.101  788            
84296.036  791            
84480.922  787            
84665.758  787            
84850.545  787            
85035.281  785            
85219.968  789            
85404.605  785            
85589.193  789            
85773.731  789            
85958.219  790            
86142.657  789            
86327.046  794            
86511.386  788            
86695.676  788            
86879.916  788            
87064.107  791            
87248.248  788            
87432.34  791            
87616.383  792            
87800.375  788            
87984.319  788            
88168.213  790            
88352.058  785            
88535.853  786            
88719.599  784            
88903.296  787            
89086.943  786            
89270.541  789            
89454.09  787            
89637.589  786            
89821.039  786            
90004.44  788            
90187.792  785            
90371.094  786            
90554.348  790            
90737.552  786            
90920.707  789            
91103.813  785            
91286.87  784            
91469.877  790            
91652.836  787            
91835.746  785            
92018.606  788            
92201.418  787            
92384.18  790            
92566.894  791            
92749.558  785            
92932.174  788            
93114.741  788            
93297.259  789            
93479.727  788            
93662.147  790            
93844.519  789            
94026.841  785            
94209.115  784            
94391.339  788            
94573.515  791            
94755.642  787            
94937.721  788            
95119.751  789            
95301.732  786            
95483.664  790            
95665.547  783            
95847.382  787            
96029.169  787            
96210.906  788            
96392.596  786            
96574.236  787            
96755.828  790            
96937.371  788            
97118.866  790            
97300.312  788            
97481.71  786            
97663.06  789            
97844.36  788            
98025.613  787            
98206.817  790            
98387.972  788            
98569.08  790            
98750.138  789            
98931.149  790            
99112.111  789            
99293.025  787            
99473.89  787            
99654.707  786            
99835.476  784            
100016.2  782            
100196.87  787            
100377.49  787            
100558.07  786            
100738.6  787            
100919.08  786            
101099.51  786            
101279.89  788            
101460.23  789            
101640.51  785            
101820.75  787            
102000.94  784            
102181.09  784            
102361.18  784            
102541.23  789            
102721.23  785            
102901.18  788            
