10.34                                                                                                                             10.34             
x       y           
[m<sup>-1</sup>]     [CCD cts]         
8439.022  786.79999            
8537.3352  786.59998            
8635.6352  786.5            
8733.9221  786.79999            
8832.1959  785.70001            
8930.4566  786.59998            
9028.7042  786.5            
9126.9386  787            
9225.1599  787            
9323.3681  787.59998            
9421.5631  787.79999            
9519.745  787.90002            
9617.9139  791.20001            
9716.0696  790.79999            
9814.2122  794.20001            
9912.3416  799.70001            
10010.458  812.09998            
10108.561  832.20001            
10206.651  877.09998            
10304.728  941.5            
10402.792  1023.5            
10500.843  1076.6            
10598.881  1078.6            
10696.906  1061.8            
10794.917  1033.6            
10892.916  1011.2            
10990.901  996.5            
11088.873  999.09998            
11186.832  1001.5            
11284.778  1008.6            
11382.711  1010.7            
11480.631  1022.1            
11578.538  1037.1            
11676.432  1059.2            
11774.312  1069.8            
11872.18  1081.5            
11970.034  1075.5            
12067.876  1074.3            
12165.704  1068.6            
12263.519  1070.4            
12361.322  1072            
12459.111  1056.8            
12556.887  1052.2            
12654.65  1049            
12752.399  1042.2            
12850.136  1045.4            
12947.86  1032            
13045.571  1028.7            
13143.268  1020.3            
13240.953  1028.1            
13338.624  1030.2            
13436.283  1024.3            
13533.928  1020.7            
13631.56  1030.5            
13729.18  1030.4            
13826.786  1028.6            
13924.379  1027.8            
14021.959  1026.3            
14119.526  1036.4            
14217.08  1035.8            
14314.621  1039.6            
14412.149  1038.4            
14509.664  1031.9            
14607.166  1037.4            
14704.655  1040.5            
14802.13  1045.2            
14899.593  1054.1            
14997.043  1059.5            
15094.479  1054.8            
15191.903  1056.1            
15289.314  1058.4            
15386.711  1052.6            
15484.096  1044.8            
15581.467  1034.6            
15678.826  1031.6            
15776.171  1020.2            
15873.504  1015.7            
15970.823  1016.7            
16068.13  1015.8            
16165.423  1002.2            
16262.703  997.20001            
16359.971  994.09998            
16457.225  989.59998            
16554.466  980.79999            
16651.695  988.79999            
16748.91  986.29999            
16846.112  987.90002            
16943.302  991.09998            
17040.478  994            
17137.641  994.90002            
17234.792  983.20001            
17331.929  978            
17429.053  979.09998            
17526.165  987.29999            
17623.263  977.20001            
17720.348  973.09998            
17817.42  973.79999            
17914.48  978.59998            
18011.526  980.59998            
18108.56  982.5            
18205.58  975.90002            
18302.587  972.40002            
18399.582  968.40002            
18496.563  972            
18593.532  983.79999            
18690.487  982            
18787.43  977            
18884.359  979.59998            
18981.276  978.59998            
19078.179  976.09998            
19175.07  973.20001            
19271.947  972.79999            
19368.812  976.20001            
19465.664  978            
19562.503  982.59998            
19659.328  983.59998            
19756.141  988.59998            
19852.941  985.09998            
19949.728  982.59998            
20046.502  992.90002            
20143.263  985.79999            
20240.011  985.90002            
20336.746  986.20001            
20433.468  993.20001            
20530.177  993.40002            
20626.873  991.79999            
20723.557  987.79999            
20820.227  977.40002            
20916.884  981.09998            
21013.529  981            
21110.16  989.59998            
21206.779  995.5            
21303.384  993.09998            
21399.977  989.20001            
21496.557  993.90002            
21593.124  1000.4            
21689.677  999.09998            
21786.218  1005.4            
21882.746  987.59998            
21979.261  987.70001            
22075.764  995            
22172.253  995.09998            
22268.729  980.59998            
22365.193  977.90002            
22461.643  982.5            
22558.081  971.20001            
22654.505  969.79999            
22750.917  968            
22847.316  963.70001            
22943.702  958            
23040.075  954.5            
23136.435  949.29999            
23232.782  953.29999            
23329.116  949.59998            
23425.437  947.90002            
23521.746  946.5            
23618.041  947.59998            
23714.324  952.20001            
23810.594  951.70001            
23906.85  946.29999            
24003.094  948.29999            
24099.325  939.5            
24195.544  935.70001            
24291.749  936            
24387.941  931.20001            
24484.121  936.40002            
24580.287  936.09998            
24676.441  934.5            
24772.582  935.29999            
24868.71  927.79999            
24964.825  930.70001            
25060.927  931.70001            
25157.016  931.70001            
25253.092  928.20001            
25349.156  927.40002            
25445.207  925.70001            
25541.244  927.90002            
25637.269  925.90002            
25733.281  923.59998            
25829.281  924.59998            
25925.267  925.20001            
26021.24  925.59998            
26117.201  926.5            
26213.148  922.09998            
26309.083  921.70001            
26405.005  923.79999            
26500.914  921.09998            
26596.811  915.79999            
26692.694  924.40002            
26788.565  927.5            
26884.422  924.40002            
26980.267  919.90002            
27076.099  919.70001            
27171.918  919.40002            
27267.725  917.70001            
27363.518  920.40002            
27459.299  920.20001            
27555.066  916            
27650.821  918.5            
27746.563  918.90002            
27842.293  917.90002            
27938.009  917.5            
28033.713  916.59998            
28129.403  915.5            
28225.081  917            
28320.746  919            
28416.399  918.09998            
28512.038  921.79999            
28607.665  917.70001            
28703.278  922.09998            
28798.879  920.90002            
28894.467  918.59998            
28990.043  923.79999            
29085.605  920            
29181.155  918.90002            
29276.692  912.40002            
29372.216  918.79999            
29467.727  917.70001            
29563.225  914.29999            
29658.711  916.70001            
29754.184  918            
29849.644  918.40002            
29945.091  919.40002            
30040.525  914.40002            
30135.947  918.20001            
30231.355  914.70001            
30326.751  914            
30422.134  918.90002            
30517.505  919            
30612.862  918.90002            
30708.207  917.5            
30803.539  918.59998            
30898.858  916.79999            
30994.165  916.5            
31089.458  917.09998            
31184.739  915.40002            
31280.007  914.29999            
31375.262  917.20001            
31470.505  919.70001            
31565.734  912.5            
31660.951  912.79999            
31756.156  911.29999            
31851.347  916.70001            
31946.525  920.5            
32041.691  916.20001            
32136.844  915.90002            
32231.984  919.29999            
32327.112  917.40002            
32422.227  915.70001            
32517.329  911.09998            
32612.418  910.59998            
32707.494  907.59998            
32802.558  911.5            
32897.609  911.09998            
32992.647  915.5            
33087.672  916.59998            
33182.685  909.40002            
33277.685  913.29999            
33372.672  910.79999            
33467.646  910.70001            
33562.608  911.29999            
33657.557  914.90002            
33752.493  914.90002            
33847.416  912            
33942.327  910            
34037.224  914.59998            
34132.11  915.20001            
34226.982  914.70001            
34321.842  913.79999            
34416.689  910.70001            
34511.523  913.70001            
34606.344  917.29999            
34701.153  912.40002            
34795.949  912.40002            
34890.732  915            
34985.503  912.70001            
35080.26  915.59998            
35175.005  913.79999            
35269.738  916.20001            
35364.457  922.09998            
35459.164  913.90002            
35553.858  916.29999            
35648.54  908.40002            
35743.208  912.79999            
35837.865  909.79999            
35932.508  917.70001            
36027.138  917.5            
36121.756  910.59998            
36216.361  915.5            
36310.954  917.5            
36405.534  916.5            
36500.101  916.20001            
36594.655  917.29999            
36689.197  915.5            
36783.726  917.40002            
36878.242  916            
36972.745  914.90002            
37067.236  915.29999            
37161.714  917.90002            
37256.18  912.59998            
37350.632  914.09998            
37445.072  915.79999            
37539.5  916.70001            
37633.915  915.5            
37728.316  914.40002            
37822.706  909.90002            
37917.082  917.29999            
38011.446  915.59998            
38105.798  914.40002            
38200.136  913.40002            
38294.462  915.40002            
38388.775  913.20001            
38483.076  913.79999            
38577.364  913.09998            
38671.639  919.40002            
38765.901  915.40002            
38860.151  917.90002            
38954.388  917            
39048.613  918.09998            
39142.825  917            
39237.024  919.70001            
39331.211  920.79999            
39425.384  916.09998            
39519.546  912.90002            
39613.694  913.70001            
39707.83  919.20001            
39801.953  921.20001            
39896.064  921.90002            
39990.162  916.70001            
40084.247  922.29999            
40178.32  921.79999            
40272.38  920            
40366.427  915.79999            
40460.462  917.29999            
40554.484  919.40002            
40648.493  915.90002            
40742.49  922.29999            
40836.474  924.09998            
40930.446  925.20001            
41024.404  920.59998            
41118.351  925.40002            
41212.284  925.09998            
41306.205  924.90002            
41400.113  926.59998            
41494.009  926.09998            
41587.892  925.09998            
41681.763  924            
41775.62  923.5            
41869.466  923.09998            
41963.298  919.79999            
42057.118  921.70001            
42150.925  923.09998            
42244.72  924.79999            
42338.502  924.40002            
42432.272  924.90002            
42526.029  923.70001            
42619.773  924.90002            
42713.504  925            
42807.223  919.59998            
42900.93  923.59998            
42994.624  921.09998            
43088.305  923.29999            
43181.973  922.40002            
43275.629  919.70001            
43369.273  923            
43462.904  922.29999            
43556.522  924.90002            
43650.127  923.70001            
43743.72  923.59998            
43837.301  926.59998            
43930.869  927.90002            
44024.424  923.09998            
44117.967  921.20001            
44211.497  917.20001            
44305.014  920.59998            
44398.519  919.29999            
44492.011  922.79999            
44585.491  916.40002            
44678.958  911.20001            
44772.413  911.90002            
44865.855  917.79999            
44959.284  919.5            
45052.701  921.29999            
45146.105  926.79999            
45239.497  921.79999            
45332.876  915.59998            
45426.243  917.09998            
45519.597  920.79999            
45612.938  923.5            
45706.267  921.09998            
45799.583  920.70001            
45892.887  921.20001            
45986.178  915.20001            
46079.457  911.5            
46172.723  914            
46265.976  921.09998            
46359.217  926.20001            
46452.445  921.59998            
46545.661  931            
46638.865  925.09998            
46732.055  925.79999            
46825.233  925.09998            
46918.399  925            
47011.552  925.79999            
47104.693  926.90002            
47197.821  924.70001            
47290.936  924.09998            
47384.039  925.40002            
47477.13  927.70001            
47570.207  925.09998            
47663.273  926.20001            
47756.325  933            
47849.366  935.79999            
47942.393  927.40002            
48035.409  930.59998            
48128.411  929.29999            
48221.401  925.90002            
48314.379  931.5            
48407.344  926.59998            
48500.297  932.40002            
48593.237  937.79999            
48686.164  936.70001            
48779.079  937.79999            
48871.982  935.70001            
48964.872  939.5            
49057.749  939.59998            
49150.614  943            
49243.467  942.59998            
49336.307  942.5            
49429.134  941.20001            
49521.949  940.5            
49614.751  945.5            
49707.541  944            
49800.319  944            
49893.084  946.79999            
49985.836  945.70001            
50078.576  941.59998            
50171.303  947.29999            
50264.018  947.09998            
50356.721  946.90002            
50449.411  950.5            
50542.088  944.90002            
50634.753  952.5            
50727.406  946.5            
50820.046  947            
50912.673  952.5            
51005.288  954.90002            
51097.891  948.29999            
51190.481  953.29999            
51283.058  952.70001            
51375.623  953.59998            
51468.176  950.40002            
51560.716  957.09998            
51653.244  962.5            
51745.759  962.20001            
51838.262  958            
51930.752  958.09998            
52023.23  958.40002            
52115.695  960.20001            
52208.148  956.79999            
52300.589  954.70001            
52393.016  956.90002            
52485.432  960.5            
52577.835  965.59998            
52670.226  957.29999            
52762.604  961.79999            
52854.969  959            
52947.323  962.79999            
53039.663  962.59998            
53131.992  961.90002            
53224.307  954.40002            
53316.611  949.79999            
53408.902  955.59998            
53501.18  970.09998            
53593.446  966.29999            
53685.7  965.20001            
53777.941  968.20001            
53870.17  963.70001            
53962.386  960.20001            
54054.59  954.40002            
54146.782  966.29999            
54238.961  961.09998            
54331.127  960.5            
54423.281  960.29999            
54515.423  963.09998            
54607.552  955.09998            
54699.669  950.70001            
54791.774  951.20001            
54883.866  950.5            
54975.945  958.70001            
55068.012  955.59998            
55160.067  953.5            
55252.109  947.29999            
55344.139  945.5            
55436.157  951.09998            
55528.162  952            
55620.155  953.79999            
55712.135  952            
55804.103  950.59998            
55896.058  953.29999            
55988.001  951.20001            
56079.932  950.20001            
56171.85  950.70001            
56263.756  950.09998            
56355.649  946.09998            
56447.53  950            
56539.399  948.29999            
56631.255  951.29999            
56723.099  951.90002            
56814.93  949.09998            
56906.749  955            
56998.556  957.79999            
57090.35  951.90002            
57182.132  954.29999            
57273.902  960.70001            
57365.659  961            
57457.404  954.20001            
57549.136  953.79999            
57640.856  956.29999            
57732.563  958.40002            
57824.259  958.5            
57915.941  954.90002            
58007.612  965.40002            
58099.27  967.29999            
58190.916  962.29999            
58282.549  957.20001            
58374.17  960.59998            
58465.779  958.70001            
58557.375  962            
58648.959  966            
58740.53  965.29999            
58832.089  960            
58923.636  959.09998            
59015.171  965            
59106.693  968.90002            
59198.202  965.59998            
59289.7  962.09998            
59381.185  964.70001            
59472.657  966.20001            
59564.118  962.90002            
59655.565  963.20001            
59747.001  970.79999            
59838.424  967.59998            
59929.835  969.40002            
60021.234  975.5            
60112.62  976.5            
60203.994  971.70001            
60295.355  967.79999            
60386.704  967.20001            
60478.041  972.20001            
60569.366  978.09998            
60660.678  977.70001            
60751.978  978.59998            
60843.265  986.20001            
60934.541  987.29999            
61025.803  985.5            
61117.054  980.90002            
61208.292  976.70001            
61299.518  981            
61390.732  982.70001            
61481.933  987            
61573.122  991.20001            
61664.298  992.09998            
61755.463  990.70001            
61846.615  999            
61937.754  997.29999            
62028.881  997.20001            
62119.996  991.59998            
62211.099  987.5            
62302.19  985.29999            
62393.268  989.40002            
62484.333  993.5            
62575.387  999.29999            
62666.428  1001.7            
62757.457  996.70001            
62848.474  996            
62939.478  1000.9            
63030.47  1003            
63121.449  1002.3            
63212.417  1004.8            
63303.372  1000.5            
63394.315  998.40002            
63485.245  997.70001            
63576.163  988.79999            
63667.069  997.40002            
63757.963  993.59998            
63848.844  997.5            
63939.713  998.40002            
64030.57  1003.4            
64121.415  1003.6            
64212.247  999.40002            
64303.067  995.59998            
64393.875  993            
64484.67  997.5            
64575.453  999.09998            
64666.224  1003.8            
64756.983  1004.5            
64847.729  1002            
64938.463  1004.9            
65029.185  1002.4            
65119.894  998.09998            
65210.591  996.59998            
65301.276  991.90002            
65391.949  989.70001            
65482.61  988.79999            
65573.258  992.90002            
65663.894  985.79999            
65754.517  993.79999            
65845.129  988.29999            
65935.728  986.09998            
66026.315  978            
66116.89  971.70001            
66207.452  963.90002            
66298.002  956.09998            
66388.54  957.40002            
66479.066  952.70001            
66569.579  948            
66660.08  944.59998            
66750.569  938.90002            
66841.046  942            
66931.511  936.90002            
67021.963  934            
67112.403  930.70001            
67202.831  926.29999            
67293.246  924.40002            
67383.65  926.40002            
67474.041  925.20001            
67564.42  924.40002            
67654.786  920.59998            
67745.141  920.20001            
67835.483  913.5            
67925.813  914.5            
68016.13  915            
68106.436  911.70001            
68196.729  911.29999            
68287.01  915            
68377.279  916            
68467.536  912.5            
68557.78  914.20001            
68648.013  914.20001            
68738.233  914.20001            
68828.44  917.09998            
68918.636  917            
69008.819  910.29999            
69098.991  912.40002            
69189.15  918.79999            
69279.296  914            
69369.431  917            
69459.553  915.79999            
69549.664  913.20001            
69639.762  907.79999            
69729.848  913.79999            
69819.921  907.59998            
69909.983  907.20001            
70000.032  904.70001            
70090.069  907.40002            
70180.094  908.70001            
70270.106  906.40002            
70360.107  902.59998            
70450.095  906            
70540.071  903.90002            
70630.035  904.29999            
70719.987  903.59998            
70809.927  904.70001            
70899.854  904.79999            
70989.769  899.40002            
71079.672  900.5            
71169.563  903.5            
71259.442  903            
71349.308  898.5            
71439.163  900.59998            
71529.005  900            
71618.835  895.59998            
71708.653  895.5            
71798.459  895.90002            
71888.252  899.09998            
71978.034  900            
72067.803  895.90002            
72157.56  891.79999            
72247.305  892.5            
72337.038  889.09998            
72426.758  891.20001            
72516.467  892.40002            
72606.163  898.70001            
72695.847  895.90002            
72785.519  889.70001            
72875.179  890.29999            
72964.827  891.09998            
73054.463  892.79999            
73144.086  895.90002            
73233.697  888.5            
73323.297  891.09998            
73412.884  892.79999            
73502.458  896.29999            
73592.021  896            
73681.572  897.20001            
73771.11  896            
73860.637  893.90002            
73950.151  890.79999            
74039.653  892.09998            
74129.143  890.59998            
74218.621  891.90002            
74308.087  890.70001            
74397.54  893.79999            
