13.30 re             
x       y           
[m<sup>-1</sup>]     [CCD cts]         
8430.2943  787.09998            
8528.705  786.79999            
8627.1025  786.20001            
8725.487  786.70001            
8823.8583  786.20001            
8922.2166  786.5            
9020.5617  786.79999            
9118.8937  786.70001            
9217.2127  786.59998            
9315.5185  787            
9413.8113  786.40002            
9512.0909  787.70001            
9610.3575  787.70001            
9708.6109  787.5            
9806.8513  789.70001            
9905.0786  793            
10003.293  797.79999            
10101.494  807.59998            
10199.682  826.79999            
10297.857  856.5            
10396.019  889.5            
10494.168  921.40002            
10592.303  933.20001            
10690.426  924.40002            
10788.536  916.40002            
10886.632  907            
10984.715  897.40002            
11082.786  890.59998            
11180.843  891.90002            
11278.887  901.20001            
11376.918  899.90002            
11474.937  904.09998            
11572.942  906.40002            
11670.934  915.20001            
11768.912  921.09998            
11866.878  923.5            
11964.831  928.20001            
12062.771  929.90002            
12160.698  924.29999            
12258.611  924.40002            
12356.512  923.70001            
12454.399  918.59998            
12552.274  915.70001            
12650.135  915.09998            
12747.984  906.40002            
12845.819  906.40002            
12943.641  905.79999            
13041.451  906.90002            
13139.247  908            
13237.03  908.70001            
13334.8  904            
13432.557  907.70001            
13530.301  908.29999            
13628.032  905.59998            
13725.75  901.40002            
13823.455  909            
13921.147  912.59998            
14018.826  906.5            
14116.492  911.29999            
14214.145  915.20001            
14311.785  915            
14409.412  916.20001            
14507.026  920.70001            
14604.627  924.90002            
14702.214  932.59998            
14799.789  935.79999            
14897.351  937.5            
14994.9  938.40002            
15092.435  938.09998            
15189.958  941.59998            
15287.468  937.40002            
15384.965  932.09998            
15482.448  925            
15579.919  916.70001            
15677.377  913            
15774.822  912.5            
15872.253  908.79999            
15969.672  905.59998            
16067.078  898.59998            
16164.471  893.90002            
16261.85  891.59998            
16359.217  894.70001            
16456.571  894.20001            
16553.912  891.5            
16651.24  886.79999            
16748.554  889.20001            
16845.856  888.90002            
16943.145  889.40002            
17040.421  886.29999            
17137.684  883.40002            
17234.934  885.09998            
17332.171  882.90002            
17429.395  885.20001            
17526.606  883.5            
17623.804  880.70001            
17720.989  880            
17818.161  880            
17915.32  880.20001            
18012.466  877.70001            
18109.6  879.29999            
18206.72  884.90002            
18303.827  881.20001            
18400.921  881.20001            
18498.003  879            
18595.071  882.5            
18692.127  885.29999            
18789.169  886            
18886.199  884.59998            
18983.215  885            
19080.219  888.40002            
19177.21  884.70001            
19274.187  885            
19371.152  884.90002            
19468.104  885.20001            
19565.043  888.59998            
19661.969  888.09998            
19758.882  888.29999            
19855.782  882.79999            
19952.669  880.5            
20049.544  890.70001            
20146.405  888.59998            
20243.253  889.29999            
20340.089  889.40002            
20436.911  888.09998            
20533.721  891.40002            
20630.517  895.59998            
20727.301  892.79999            
20824.072  895.70001            
20920.83  896            
21017.575  893.59998            
21114.307  898            
21211.026  898.59998            
21307.732  899.70001            
21404.426  901.70001            
21501.106  903.59998            
21597.774  900.59998            
21694.428  899.79999            
21791.07  901.09998            
21887.699  897.79999            
21984.314  896.79999            
22080.917  896.40002            
22177.507  889.79999            
22274.085  888.5            
22370.649  888.20001            
22467.2  889.90002            
22563.739  884.70001            
22660.264  881.70001            
22756.777  881.09998            
22853.277  873.20001            
22949.764  871.20001            
23046.238  869.5            
23142.699  866.40002            
23239.147  868.40002            
23335.582  866.5            
23432.005  868.09998            
23528.414  866            
23624.811  866.5            
23721.195  859.40002            
23817.566  859.5            
23913.924  860.70001            
24010.269  858.59998            
24106.601  858            
24202.921  857.09998            
24299.227  859.09998            
24395.521  858.90002            
24491.802  855.20001            
24588.07  858            
24684.325  856.59998            
24780.567  856            
24876.797  853.79999            
24973.013  856.09998            
25069.217  853.20001            
25165.408  853.20001            
25261.586  852.40002            
25357.751  854.5            
25453.903  855            
25550.043  852.90002            
25646.169  850.59998            
25742.283  852.5            
25838.384  851            
25934.472  851.90002            
26030.547  849.5            
26126.609  851.79999            
26222.659  850.90002            
26318.695  850            
26414.719  848.5            
26510.73  847.29999            
26606.728  851.70001            
26702.714  850            
26798.686  849.90002            
26894.646  849.79999            
26990.592  849.70001            
27086.526  846.5            
27182.448  847.79999            
27278.356  847.20001            
27374.251  846.70001            
27470.134  848.09998            
27566.004  845.90002            
27661.861  845.20001            
27757.705  846.90002            
27853.537  848.79999            
27949.355  848.09998            
28045.161  850.29999            
28140.954  847.90002            
28236.734  847.79999            
28332.502  850.29999            
28428.256  850.79999            
28523.998  849            
28619.727  847.5            
28715.443  845.79999            
28811.146  849.59998            
28906.837  846.5            
29002.515  847.29999            
29098.18  847.40002            
29193.832  849.40002            
29289.471  846            
29385.098  847.79999            
29480.711  847.40002            
29576.312  846.90002            
29671.901  851.20001            
29767.476  846.70001            
29863.039  844.20001            
29958.588  850.5            
30054.126  851.70001            
30149.65  847.79999            
30245.161  847            
30340.66  851.20001            
30436.146  849.90002            
30531.619  847.09998            
30627.079  846.29999            
30722.527  851.20001            
30817.962  851.5            
30913.384  850.59998            
31008.793  849.5            
31104.19  849.5            
31199.574  847            
31294.945  845.20001            
31390.303  848            
31485.648  849.09998            
31580.981  848.5            
31676.301  847.40002            
31771.608  848.70001            
31866.903  851.90002            
31962.184  847.20001            
32057.453  843.79999            
32152.71  847            
32247.953  848.70001            
32343.184  847.79999            
32438.402  850.90002            
32533.607  847            
32628.799  845            
32723.979  849.29999            
32819.146  848.20001            
32914.3  846.59998            
33009.442  847.09998            
33104.571  849.79999            
33199.687  849.79999            
33294.79  847.59998            
33389.881  848            
33484.958  846.79999            
33580.024  846.09998            
33675.076  844.70001            
33770.116  846.29999            
33865.142  844.79999            
33960.157  845.09998            
34055.158  847.29999            
34150.147  844.59998            
34245.123  848.20001            
34340.086  848.79999            
34435.037  846.20001            
34529.975  843.20001            
34624.9  845            
34719.813  847.70001            
34814.712  846.20001            
34909.599  842.5            
35004.474  846.20001            
35099.335  845            
35194.184  844.79999            
35289.021  845.79999            
35383.844  846.59998            
35478.655  847.5            
35573.453  844.70001            
35668.238  848.70001            
35763.011  848.40002            
35857.771  847.59998            
35952.519  844.40002            
36047.253  846.90002            
36141.975  845.09998            
36236.685  847.20001            
36331.381  847.40002            
36426.065  845            
36520.736  847.20001            
36615.395  844.79999            
36710.041  846.5            
36804.674  846            
36899.294  846.5            
36993.902  849.09998            
37088.497  847.59998            
37183.08  848.20001            
37277.65  846.79999            
37372.207  847.40002            
37466.751  846.70001            
37561.283  847.90002            
37655.802  847.90002            
37750.309  845.59998            
37844.802  846            
37939.284  849.09998            
38033.752  850            
38128.208  846.40002            
38222.651  847.20001            
38317.081  847.79999            
38411.499  851.5            
38505.904  847.5            
38600.297  847.70001            
38694.677  846.20001            
38789.044  846.40002            
38883.399  846.40002            
38977.741  848.59998            
39072.07  846.29999            
39166.387  846.59998            
39260.691  849.29999            
39354.982  848.20001            
39449.261  851.59998            
39543.527  849.70001            
39637.78  849.40002            
39732.021  850.59998            
39826.249  849.09998            
39920.465  851.29999            
40014.668  854.90002            
40108.858  852.40002            
40203.036  853.20001            
40297.201  854.59998            
40391.353  855.29999            
40485.493  853.90002            
40579.62  853            
40673.735  855.5            
40767.836  857.20001            
40861.926  859.70001            
40956.002  855.29999            
41050.066  856.79999            
41144.118  856.40002            
41238.157  853.5            
41332.183  855            
41426.197  855.59998            
41520.198  855.59998            
41614.186  855.70001            
41708.162  852.29999            
41802.125  853.29999            
41896.076  855.79999            
41990.014  859.79999            
42083.939  858.59998            
42177.852  857.70001            
42271.752  854.70001            
42365.64  854.90002            
42459.515  858.20001            
42553.377  856.20001            
42647.227  853.20001            
42741.064  856.40002            
42834.889  856            
42928.701  857.09998            
43022.5  856.79999            
43116.287  856.59998            
43210.061  854.79999            
43303.823  858.70001            
43397.572  858.59998            
43491.309  858.09998            
43585.033  855.59998            
43678.744  859.90002            
43772.443  858.5            
43866.129  858.40002            
43959.803  857.09998            
44053.464  858.09998            
44147.113  855.40002            
44240.749  855.79999            
44334.372  856.79999            
44427.983  856.29999            
44521.581  857.29999            
44615.167  850.29999            
44708.74  854.70001            
44802.301  854            
44895.849  853.40002            
44989.384  858.79999            
45082.907  857.59998            
45176.418  854.29999            
45269.916  855.29999            
45363.401  856.09998            
45456.874  854.5            
45550.334  854.90002            
45643.781  855.09998            
45737.217  855.40002            
45830.639  856.90002            
45924.049  855.90002            
46017.447  856            
46110.832  856.90002            
46204.204  856.90002            
46297.564  852.29999            
46390.911  853.90002            
46484.246  853.79999            
46577.568  857.29999            
46670.878  858            
46764.175  856.90002            
46857.46  854.20001            
46950.732  855.29999            
47043.992  858.79999            
47137.239  859.09998            
47230.474  860.40002            
47323.696  860.59998            
47416.905  859.79999            
47510.102  859            
47603.287  862.79999            
47696.459  864.5            
47789.618  861.20001            
47882.765  860.5            
47975.9  859.20001            
48069.022  860.09998            
48162.131  862.59998            
48255.228  860            
48348.313  862.09998            
48441.385  863.20001            
48534.444  866.90002            
48627.491  866.29999            
48720.525  866.29999            
48813.547  865.70001            
48906.557  867.70001            
48999.554  866.29999            
49092.538  865.40002            
49185.51  865.59998            
49278.47  864.40002            
49371.417  868.40002            
49464.351  870.09998            
49557.273  870            
49650.183  865            
49743.08  868.20001            
49835.964  867.70001            
49928.836  867.59998            
50021.696  870.29999            
50114.543  869.79999            
50207.378  868.09998            
50300.2  869            
50393.01  869.5            
50485.807  872.20001            
50578.592  870.09998            
50671.364  873.40002            
50764.124  877.59998            
50856.871  874.79999            
50949.606  873.29999            
51042.329  874.40002            
51135.039  873.90002            
51227.736  877.70001            
51320.421  876.90002            
51413.094  875.70001            
51505.754  874.70001            
51598.402  877.09998            
51691.037  878.59998            
51783.66  878            
51876.27  879            
51968.868  879            
52061.453  879.59998            
52154.026  878.09998            
52246.587  880.40002            
52339.135  887.40002            
52431.671  884.09998            
52524.194  883.79999            
52616.705  887.90002            
52709.203  882.90002            
52801.689  883.70001            
52894.163  885.79999            
52986.624  885.59998            
53079.072  883            
53171.508  878.79999            
53263.932  878.70001            
53356.343  879.70001            
53448.742  885.59998            
53541.129  883.70001            
53633.503  881.59998            
53725.864  879.79999            
53818.214  879.79999            
53910.55  881.40002            
54002.875  883.90002            
54095.187  886.40002            
54187.486  881.09998            
54279.773  884.79999            
54372.048  879            
54464.31  881.20001            
54556.56  880            
54648.798  880            
54741.023  882.40002            
54833.236  879.79999            
54925.436  878            
55017.624  878            
55109.799  876.40002            
55201.962  877.40002            
55294.113  875.70001            
55386.251  875.40002            
55478.377  875            
55570.491  874.5            
55662.592  878.20001            
55754.68  879            
55846.757  873.09998            
55938.821  874.5            
56030.872  872.29999            
56122.911  876.79999            
56214.938  881.20001            
56306.952  876.59998            
56398.954  874.5            
56490.944  875            
56582.921  877.90002            
56674.886  876.5            
56766.839  875.5            
56858.779  874.90002            
56950.706  878            
57042.622  881.20001            
57134.525  879            
57226.415  874.79999            
57318.294  873            
57410.159  878.5            
57502.013  878.29999            
57593.854  877.70001            
57685.683  877.20001            
57777.499  876            
57869.304  873.59998            
57961.095  875.59998            
58052.875  877.29999            
58144.642  886.59998            
58236.396  883.70001            
58328.139  879.29999            
58419.869  877.09998            
58511.586  882            
58603.291  879.5            
58694.984  876.20001            
58786.665  879.29999            
58878.333  881            
58969.989  881.90002            
59061.633  882.90002            
59153.264  881.09998            
59244.883  886.29999            
59336.489  885.40002            
59428.083  883.90002            
59519.665  881.5            
59611.235  884.29999            
59702.792  884.09998            
59794.337  889.40002            
59885.869  887.29999            
59977.39  883.59998            
60068.897  878.90002            
60160.393  886.90002            
60251.876  888.70001            
60343.347  884.79999            
60434.806  887.09998            
60526.252  889.70001            
60617.686  894.90002            
60709.108  894.5            
60800.517  892.59998            
60891.914  891.5            
60983.299  893            
61074.671  894.40002            
61166.031  894.5            
61257.379  895.29999            
61348.715  894.79999            
61440.038  891.5            
61531.349  893            
61622.647  899.79999            
61713.933  904.70001            
61805.207  898.90002            
61896.469  896.09998            
61987.718  894.5            
62078.956  899.09998            
62170.18  901            
62261.393  903.20001            
62352.593  901.20001            
62443.781  902            
62534.957  909.29999            
62626.12  909.29999            
62717.271  909.59998            
62808.41  904.79999            
62899.536  904.90002            
62990.651  907.5            
63081.752  909.79999            
63172.842  908.29999            
63263.92  903            
63354.985  906.29999            
63446.037  910            
63537.078  912.5            
63628.106  910.90002            
63719.122  907.40002            
63810.126  910            
63901.118  907.79999            
63992.097  909.20001            
64083.064  906.5            
64174.018  913.59998            
64264.961  919.5            
64355.891  915.40002            
64446.809  908.40002            
64537.715  911.29999            
64628.608  907.5            
64719.489  905            
64810.358  905.90002            
64901.215  903            
64992.059  903.5            
65082.891  897.59998            
65173.711  896.90002            
65264.519  896.29999            
65355.314  893.59998            
65446.097  888.5            
65536.868  888            
65627.627  885.29999            
65718.374  885            
65809.108  883.90002            
65899.83  878.40002            
65990.539  876.5            
66081.237  877.20001            
66171.922  875.40002            
66262.595  876.59998            
66353.256  874.20001            
66443.905  869.20001            
66534.541  871.40002            
66625.165  867.20001            
66715.777  867.5            
66806.377  864.5            
66896.964  865.79999            
66987.539  864.90002            
67078.103  862            
67168.653  860.20001            
67259.192  859.40002            
67349.718  863.09998            
67440.233  859.40002            
67530.734  855            
67621.224  857.20001            
67711.702  857            
67802.167  855.40002            
67892.62  856.70001            
67983.061  853.29999            
68073.49  856.40002            
68163.906  860.40002            
68254.311  860            
68344.703  858.70001            
68435.083  858.40002            
68525.451  858.79999            
68615.806  851.59998            
68706.149  854            
68796.481  854.90002            
68886.8  856.79999            
68977.106  859.70001            
69067.401  860.5            
69157.683  859.79999            
69247.954  859.59998            
69338.212  865.09998            
69428.457  867.40002            
69518.691  868.29999            
69608.913  860.40002            
69699.122  857.40002            
69789.319  852.70001            
69879.504  852.79999            
69969.677  852.40002            
70059.837  850.90002            
70149.986  852            
70240.122  849.70001            
70330.246  848.09998            
70420.358  848.79999            
70510.458  850.90002            
70600.546  850.09998            
70690.621  848            
70780.684  848.29999            
70870.735  845.70001            
70960.774  848.20001            
71050.801  849.5            
71140.816  848.70001            
71230.818  848.09998            
71320.809  850.70001            
71410.787  848.90002            
71500.753  857.79999            
71590.707  853.5            
71680.649  849.5            
71770.578  847.20001            
71860.496  846.59998            
71950.401  847.5            
72040.294  848            
72130.175  849.20001            
72220.044  848            
72309.901  849.59998            
72399.746  845            
72489.578  842.09998            
72579.398  841.5            
72669.207  849.79999            
72759.003  843.90002            
72848.787  844.59998            
72938.559  845.90002            
73028.318  848.5            
73118.066  847.40002            
73207.801  845.70001            
73297.525  847            
73387.236  844.20001            
73476.935  845.09998            
73566.622  845.90002            
73656.297  844.90002            
73745.96  843.90002            
73835.61  843            
73925.249  843.70001            
74014.875  846.20001            
74104.489  841.90002            
74194.092  840.70001            
74283.682  841.5            
74373.26  841.70001            
74462.826  842.79999            
74552.379  844.20001            
74641.921  842.29999            
74731.451  842.59998            
74820.968  843            
74910.473  840.29999            
74999.967  836.90002            
75089.448  839.40002            
75178.917  840.59998            
75268.374  840.5            
75357.819  838.59998            
75447.252  841            
75536.672  843.79999            
75626.081  844.29999            
75715.478  839.29999            
75804.862  840.20001            
75894.234  840.09998            
75983.595  841.29999            
76072.943  841.20001            
76162.279  840.90002            
76251.603  835.79999            
76340.915  838.59998            
76430.215  840.70001            
76519.503  839.70001            
76608.779  842.70001            
76698.042  841.40002            
76787.294  838.20001            
76876.534  837.5            
76965.761  837.29999            
77054.976  840.20001            
77144.18  841            
77233.371  836.59998            
77322.55  838            
77411.718  838.29999            
77500.873  836.90002            
77590.016  839.79999            
77679.147  842            
77768.266  840.09998            
77857.373  843            
77946.468  839.5            
78035.55  837.20001            
78124.621  838.79999            
78213.68  838            
78302.727  836.29999            
78391.761  839.79999            
78480.784  839.5            
78569.794  836.29999            
78658.793  838.79999            
78747.779  836.09998            
78836.754  836.5            
78925.716  837.29999            
79014.666  838.29999            
79103.605  838.90002            
79192.531  836.29999            
79281.445  837            
79370.348  837            
79459.238  838.40002            
79548.116  838            
79636.982  837.40002            
79725.836  835.09998            
79814.678  836            
79903.508  838.20001            
79992.327  833.70001            
80081.133  834.29999            
80169.927  835.70001            
80258.709  834.29999            
80347.479  835.59998            
80436.237  836.79999            
80524.983  836.5            
80613.717  836.79999            
80702.439  831.5            
80791.148  834.79999            
80879.846  833.90002            
80968.532  834.09998            
81057.206  836.40002            
81145.868  838.29999            
81234.518  835.59998            
81323.156  835.79999            
81411.782  834.79999            
81500.396  835.90002            
81588.998  835            
81677.588  836.70001            
81766.166  834.59998            
81854.732  834.09998            
81943.286  835.70001            
82031.828  835.20001            
82120.358  834.90002            
82208.876  836.40002            
82297.382  834.40002            
82385.876  831.09998            
82474.358  831.70001            
82562.828  834.59998            
82651.286  837.09998            
82739.732  836.40002            
82828.167  834.5            
82916.589  836.59998            
83004.999  834.20001            
83093.397  832.40002            
83181.783  833.09998            
83270.158  832.09998            
83358.52  832.90002            
83446.87  834.70001            
83535.209  832.59998            
83623.535  832.90002            
83711.85  833.59998            
83800.152  834.20001            
83888.443  834.79999            
83976.721  835.59998            
84064.988  833.90002            
84153.243  834.40002            
84241.486  830.09998            
84329.716  832.90002            
84417.935  834.59998            
84506.142  832            
84594.337  833.20001            
84682.52  832.79999            
84770.691  831.70001            
84858.85  829.40002            
84946.997  830.5            
85035.132  832.20001            
85123.256  831.09998            
85211.367  833.29999            
85299.466  831.5            
85387.554  831.5            
85475.629  832            
85563.693  832.09998            
85651.745  831.20001            
85739.784  831.20001            
85827.812  832.20001            
85915.828  831.09998            
86003.832  829.5            
86091.824  833.20001            
86179.804  834.70001            
86267.772  830.70001            
86355.728  832.29999            
86443.673  830.40002            
86531.605  831            
86619.526  832.59998            
86707.434  832.40002            
86795.331  832.5            
86883.216  830.70001            
86971.088  830.5            
87058.949  831.29999            
87146.798  833.5            
87234.635  829.70001            
87322.461  830.90002            
87410.274  832.20001            
87498.075  828.59998            
87585.865  825.90002            
87673.642  827.5            
87761.408  830.20001            
87849.162  828.59998            
87936.904  830.40002            
88024.634  827.5            
88112.352  828.90002            
88200.058  829.29999            
88287.752  830.20001            
88375.435  830.59998            
88463.105  832            
88550.764  827.79999            
88638.411  827.40002            
88726.046  829.09998            
88813.669  831.29999            
88901.28  829.40002            
88988.879  829.70001            
89076.466  829.70001            
89164.042  827.90002            
89251.605  829.90002            
89339.157  830.5            
89426.697  830            
89514.225  827.70001            
89601.741  828.09998            
89689.245  825.20001            
89776.738  828.29999            
89864.218  826.90002            
89951.687  830.40002            
90039.143  827.79999            
90126.588  826.90002            
90214.021  826.79999            
90301.443  827.29999            
90388.852  826.59998            
