15.20             
x       y           
[m<sup>-1</sup>]     [CCD cts]         
8430.2943  786.70001            
8528.705  786.59998            
8627.1025  786.79999            
8725.487  786.59998            
8823.8583  786.70001            
8922.2166  786.5            
9020.5617  786.5            
9118.8937  786.5            
9217.2127  787.59998            
9315.5185  787.20001            
9413.8113  787.09998            
9512.0909  787.09998            
9610.3575  788.09998            
9708.6109  789            
9806.8513  788.70001            
9905.0786  790.29999            
10003.293  794.79999            
10101.494  800.40002            
10199.682  814            
10297.857  833            
10396.019  855.70001            
10494.168  880.90002            
10592.303  895.20001            
10690.426  882.70001            
10788.536  870.29999            
10886.632  864            
10984.715  861.29999            
11082.786  861.29999            
11180.843  863.40002            
11278.887  862.40002            
11376.918  868.20001            
11474.937  867            
11572.942  871            
11670.934  878.20001            
11768.912  886.09998            
11866.878  885.09998            
11964.831  887.09998            
12062.771  887.20001            
12160.698  884.70001            
12258.611  883.70001            
12356.512  881.29999            
12454.399  881.20001            
12552.274  878.29999            
12650.135  871.5            
12747.984  870.5            
12845.819  871.79999            
12943.641  869.09998            
13041.451  871.79999            
13139.247  866.59998            
13237.03  867.90002            
13334.8  864.59998            
13432.557  867.20001            
13530.301  868.5            
13628.032  867.90002            
13725.75  869.20001            
13823.455  867.90002            
13921.147  869.20001            
14018.826  870.90002            
14116.492  870.20001            
14214.145  867.5            
14311.785  871.5            
14409.412  872.09998            
14507.026  872.90002            
14604.627  874.40002            
14702.214  872.90002            
14799.789  877.29999            
14897.351  875.79999            
14994.9  883.59998            
15092.435  878.29999            
15189.958  876.79999            
15287.468  877.40002            
15384.965  875.09998            
15482.448  872.09998            
15579.919  873.09998            
15677.377  868.40002            
15774.822  859.59998            
15872.253  863.70001            
15969.672  860.59998            
16067.078  861.20001            
16164.471  859.90002            
16261.85  857.5            
16359.217  860.40002            
16456.571  856.79999            
16553.912  854.40002            
16651.24  848.40002            
16748.554  850.5            
16845.856  852.29999            
16943.145  852.90002            
17040.421  852.09998            
17137.684  853.70001            
17234.934  853.40002            
17332.171  853.29999            
17429.395  854.09998            
17526.606  849.79999            
17623.804  852.40002            
17720.989  850.5            
17818.161  851.59998            
17915.32  850.20001            
18012.466  852.20001            
18109.6  853.59998            
18206.72  851            
18303.827  852.29999            
18400.921  848.40002            
18498.003  847.70001            
18595.071  848.90002            
18692.127  852.5            
18789.169  853.40002            
18886.199  847.70001            
18983.215  852.20001            
19080.219  853            
19177.21  850.59998            
19274.187  850.20001            
19371.152  849            
19468.104  852.09998            
19565.043  853.5            
19661.969  850.59998            
19758.882  853.5            
19855.782  853.09998            
19952.669  852.09998            
20049.544  851.5            
20146.405  856.09998            
20243.253  851.79999            
20340.089  855.20001            
20436.911  854.79999            
20533.721  855.79999            
20630.517  856.20001            
20727.301  856.59998            
20824.072  851.29999            
20920.83  852.40002            
21017.575  855.20001            
21114.307  855.79999            
21211.026  855.09998            
21307.732  858.5            
21404.426  858.79999            
21501.106  863.29999            
21597.774  860.29999            
21694.428  856.59998            
21791.07  859.79999            
21887.699  857.79999            
21984.314  853.09998            
22080.917  855.70001            
22177.507  858.5            
22274.085  854.70001            
22370.649  854.29999            
22467.2  853.09998            
22563.739  847.79999            
22660.264  848.20001            
22756.777  849.40002            
22853.277  844.40002            
22949.764  844.40002            
23046.238  843.40002            
23142.699  842.5            
23239.147  842.90002            
23335.582  842.20001            
23432.005  841.20001            
23528.414  839.29999            
23624.811  841.5            
23721.195  841            
23817.566  841.5            
23913.924  837.59998            
24010.269  835.70001            
24106.601  837.79999            
24202.921  839            
24299.227  838.20001            
24395.521  836.20001            
24491.802  835.5            
24588.07  839.20001            
24684.325  839.09998            
24780.567  838.5            
24876.797  836.90002            
24973.013  834.40002            
25069.217  834.59998            
25165.408  832.90002            
25261.586  831.40002            
25357.751  834.5            
25453.903  834.70001            
25550.043  833.09998            
25646.169  834.40002            
25742.283  831.40002            
25838.384  833.5            
25934.472  834            
26030.547  834.20001            
26126.609  834.70001            
26222.659  835.09998            
26318.695  832.90002            
26414.719  834.5            
26510.73  831.20001            
26606.728  831.79999            
26702.714  833.20001            
26798.686  829.90002            
26894.646  831.90002            
26990.592  830            
27086.526  830.90002            
27182.448  832.5            
27278.356  832.29999            
27374.251  831.29999            
27470.134  829.70001            
27566.004  829.59998            
27661.861  832            
27757.705  831.20001            
27853.537  832.70001            
27949.355  831.09998            
28045.161  831.40002            
28140.954  831.90002            
28236.734  830.90002            
28332.502  829.29999            
28428.256  829.79999            
28523.998  832.20001            
28619.727  833.5            
28715.443  831.29999            
28811.146  830.59998            
28906.837  831.29999            
29002.515  828.70001            
29098.18  830.20001            
29193.832  830.29999            
29289.471  832.09998            
29385.098  829.29999            
29480.711  831.09998            
29576.312  830.5            
29671.901  829.70001            
29767.476  831.79999            
29863.039  830.5            
29958.588  833.70001            
30054.126  832.90002            
30149.65  829.59998            
30245.161  832            
30340.66  832.79999            
30436.146  831.59998            
30531.619  830.90002            
30627.079  830.90002            
30722.527  833.79999            
30817.962  830.70001            
30913.384  829.29999            
31008.793  831            
31104.19  832.70001            
31199.574  830.20001            
31294.945  831            
31390.303  833.79999            
31485.648  832.09998            
31580.981  831.70001            
31676.301  831.29999            
31771.608  829.20001            
31866.903  831.90002            
31962.184  832.79999            
32057.453  831.5            
32152.71  828.59998            
32247.953  830.5            
32343.184  830.29999            
32438.402  833.29999            
32533.607  830            
32628.799  828.90002            
32723.979  831.20001            
32819.146  834.5            
32914.3  830.79999            
33009.442  832.79999            
33104.571  833.70001            
33199.687  834.70001            
33294.79  832.90002            
33389.881  832.79999            
33484.958  830            
33580.024  832.09998            
33675.076  831.59998            
33770.116  832.5            
33865.142  832.59998            
33960.157  831.70001            
34055.158  832.29999            
34150.147  832.90002            
34245.123  830.09998            
34340.086  831.90002            
34435.037  831.70001            
34529.975  830.29999            
34624.9  830.5            
34719.813  831            
34814.712  829.29999            
34909.599  834.20001            
35004.474  829.70001            
35099.335  831.5            
35194.184  831.20001            
35289.021  831.90002            
35383.844  832.79999            
35478.655  830.79999            
35573.453  831.5            
35668.238  831.70001            
35763.011  832            
35857.771  831.79999            
35952.519  832.09998            
36047.253  830.09998            
36141.975  830.5            
36236.685  829.79999            
36331.381  830            
36426.065  830.5            
36520.736  834.09998            
36615.395  831.90002            
36710.041  830.79999            
36804.674  829.29999            
36899.294  831.20001            
36993.902  830.70001            
37088.497  831.5            
37183.08  831.5            
37277.65  828.59998            
37372.207  829.29999            
37466.751  830.70001            
37561.283  831.59998            
37655.802  832.09998            
37750.309  830.40002            
37844.802  832            
37939.284  833.29999            
38033.752  835.09998            
38128.208  832.59998            
38222.651  830.79999            
38317.081  831.40002            
38411.499  829.90002            
38505.904  829.29999            
38600.297  831.29999            
38694.677  832.29999            
38789.044  831.90002            
38883.399  832.29999            
38977.741  835.29999            
39072.07  835.09998            
39166.387  831.79999            
39260.691  830.79999            
39354.982  831.20001            
39449.261  832.40002            
39543.527  833.70001            
39637.78  833.79999            
39732.021  832.29999            
39826.249  833            
39920.465  833.79999            
40014.668  836.70001            
40108.858  832.90002            
40203.036  835            
40297.201  834.59998            
40391.353  835.5            
40485.493  834.79999            
40579.62  831.59998            
40673.735  832.5            
40767.836  835.59998            
40861.926  835.79999            
40956.002  836.20001            
41050.066  834.90002            
41144.118  834.79999            
41238.157  836.09998            
41332.183  837.90002            
41426.197  839.70001            
41520.198  838.29999            
41614.186  834.29999            
41708.162  836.20001            
41802.125  838.29999            
41896.076  836.5            
41990.014  836.20001            
42083.939  835.59998            
42177.852  836.90002            
42271.752  836.29999            
42365.64  834.20001            
42459.515  837.79999            
42553.377  835            
42647.227  834            
42741.064  835.40002            
42834.889  834.5            
42928.701  835.5            
43022.5  837.20001            
43116.287  835.29999            
43210.061  836.70001            
43303.823  837.90002            
43397.572  839.59998            
43491.309  840            
43585.033  835.40002            
43678.744  834.70001            
43772.443  836.20001            
43866.129  835.5            
43959.803  837.09998            
44053.464  835.40002            
44147.113  834.5            
44240.749  834.90002            
44334.372  834.09998            
44427.983  834.5            
44521.581  835.5            
44615.167  835.79999            
44708.74  834.20001            
44802.301  834.29999            
44895.849  835.29999            
44989.384  835.59998            
45082.907  837            
45176.418  838.09998            
45269.916  834.5            
45363.401  835.70001            
45456.874  840.90002            
45550.334  834.59998            
45643.781  837.79999            
45737.217  837.29999            
45830.639  835.59998            
45924.049  833.5            
46017.447  831.40002            
46110.832  835.09998            
46204.204  836.20001            
46297.564  837.59998            
46390.911  835.79999            
46484.246  837.79999            
46577.568  836.20001            
46670.878  836.09998            
46764.175  837            
46857.46  836.09998            
46950.732  836.59998            
47043.992  836.59998            
47137.239  835.79999            
47230.474  836.90002            
47323.696  835.29999            
47416.905  836.70001            
47510.102  836.79999            
47603.287  836.79999            
47696.459  839.70001            
47789.618  838.40002            
47882.765  838.40002            
47975.9  838.90002            
48069.022  840.20001            
48162.131  841.5            
48255.228  841.90002            
48348.313  840.5            
48441.385  839.79999            
48534.444  838.29999            
48627.491  841.09998            
48720.525  839.29999            
48813.547  841.90002            
48906.557  841.29999            
48999.554  840.90002            
49092.538  839.79999            
49185.51  843.29999            
49278.47  844.20001            
49371.417  842.40002            
49464.351  840.90002            
49557.273  844.79999            
49650.183  846.09998            
49743.08  845.20001            
49835.964  842.29999            
49928.836  842.20001            
50021.696  847.40002            
50114.543  844.29999            
50207.378  845.5            
50300.2  843.09998            
50393.01  847.5            
50485.807  842.79999            
50578.592  844            
50671.364  844.20001            
50764.124  845.40002            
50856.871  846.5            
50949.606  847.20001            
51042.329  847            
51135.039  845.70001            
51227.736  849.79999            
51320.421  849.90002            
51413.094  846.5            
51505.754  849.09998            
51598.402  851.20001            
51691.037  851.70001            
51783.66  849.59998            
51876.27  848.70001            
51968.868  848.59998            
52061.453  849.5            
52154.026  852.70001            
52246.587  850.90002            
52339.135  848.5            
52431.671  850.09998            
52524.194  851.70001            
52616.705  851.5            
52709.203  851            
52801.689  853.40002            
52894.163  854.20001            
52986.624  850.90002            
53079.072  852.90002            
53171.508  851.5            
53263.932  854.70001            
53356.343  851            
53448.742  851.59998            
53541.129  849.90002            
53633.503  850.20001            
53725.864  852.09998            
53818.214  849.20001            
53910.55  849.40002            
54002.875  850            
54095.187  850.09998            
54187.486  850.79999            
54279.773  849            
54372.048  850.20001            
54464.31  851.20001            
54556.56  852.79999            
54648.798  850.70001            
54741.023  851.5            
54833.236  854            
54925.436  855.70001            
55017.624  848.70001            
55109.799  846.40002            
55201.962  845.59998            
55294.113  848.70001            
55386.251  850.40002            
55478.377  846.5            
55570.491  846.59998            
55662.592  849.20001            
55754.68  846.70001            
55846.757  850.79999            
55938.821  848.29999            
56030.872  845.59998            
56122.911  846.79999            
56214.938  849.5            
56306.952  849.09998            
56398.954  850.79999            
56490.944  847.59998            
56582.921  846.20001            
56674.886  846.79999            
56766.839  850.70001            
56858.779  849.70001            
56950.706  850.09998            
57042.622  852.20001            
57134.525  850.70001            
57226.415  847.90002            
57318.294  848.59998            
57410.159  850.5            
57502.013  848.5            
57593.854  847.90002            
57685.683  848.79999            
57777.499  849.70001            
57869.304  849.59998            
57961.095  847.29999            
58052.875  847.59998            
58144.642  849.09998            
58236.396  850.29999            
58328.139  850.40002            
58419.869  851.20001            
58511.586  849.20001            
58603.291  848.70001            
58694.984  851.79999            
58786.665  850            
58878.333  848.29999            
58969.989  852.09998            
59061.633  848.20001            
59153.264  850.90002            
59244.883  852.09998            
59336.489  855.20001            
59428.083  851.59998            
59519.665  846.20001            
59611.235  852.20001            
59702.792  853.70001            
59794.337  852.59998            
59885.869  850.29999            
59977.39  853.79999            
60068.897  853.70001            
60160.393  848.20001            
60251.876  851.90002            
60343.347  851            
60434.806  852.79999            
60526.252  850.09998            
60617.686  852.20001            
60709.108  855.70001            
60800.517  856.40002            
60891.914  855.79999            
60983.299  858.29999            
61074.671  860.90002            
61166.031  855.20001            
61257.379  859            
61348.715  857.90002            
61440.038  860.09998            
61531.349  858.29999            
61622.647  858.5            
61713.933  856            
61805.207  858.09998            
61896.469  855.29999            
61987.718  856            
62078.956  860.70001            
62170.18  858.09998            
62261.393  860.59998            
62352.593  861.90002            
62443.781  859.5            
62534.957  859.79999            
62626.12  861.20001            
62717.271  865.79999            
62808.41  862.70001            
62899.536  861.59998            
62990.651  860.20001            
63081.752  863            
63172.842  863.90002            
63263.92  861.79999            
63354.985  861.5            
63446.037  861.09998            
63537.078  861.09998            
63628.106  862.70001            
63719.122  862.90002            
63810.126  863.90002            
63901.118  859.5            
63992.097  863.09998            
64083.064  864.70001            
64174.018  863.29999            
64264.961  861.70001            
64355.891  860.79999            
64446.809  859.70001            
64537.715  857.59998            
64628.608  862.09998            
64719.489  859.40002            
64810.358  855.20001            
64901.215  856.29999            
64992.059  860            
65082.891  855.29999            
65173.711  851.90002            
65264.519  851.5            
65355.314  853.09998            
65446.097  849.59998            
65536.868  850.20001            
65627.627  847.90002            
65718.374  846.90002            
65809.108  849.59998            
65899.83  846.09998            
65990.539  847.29999            
66081.237  843.90002            
66171.922  842.79999            
66262.595  842.79999            
66353.256  841.40002            
66443.905  843.90002            
66534.541  842.59998            
66625.165  842.5            
66715.777  841.20001            
66806.377  841.70001            
66896.964  840.5            
66987.539  837.59998            
67078.103  839.20001            
67168.653  839.79999            
67259.192  840.29999            
67349.718  839.59998            
67440.233  839.09998            
67530.734  836.20001            
67621.224  835.90002            
67711.702  837.20001            
67802.167  836.20001            
67892.62  837.29999            
67983.061  834.70001            
68073.49  835            
68163.906  834.79999            
68254.311  834            
68344.703  836.20001            
68435.083  837.5            
68525.451  834.79999            
68615.806  833.40002            
68706.149  834.90002            
68796.481  836.59998            
68886.8  836.20001            
68977.106  835.40002            
69067.401  836            
69157.683  836.20001            
69247.954  835.5            
69338.212  835.90002            
69428.457  833.90002            
69518.691  836.40002            
69608.913  833.70001            
69699.122  834            
69789.319  832            
69879.504  831            
69969.677  830.90002            
70059.837  832.59998            
70149.986  830.79999            
70240.122  831.5            
70330.246  831.90002            
70420.358  833.20001            
70510.458  835.20001            
70600.546  831.09998            
70690.621  832.29999            
70780.684  832.90002            
70870.735  831            
70960.774  832            
71050.801  831            
71140.816  829.90002            
71230.818  831.29999            
71320.809  833.29999            
71410.787  834            
71500.753  831.59998            
71590.707  832.59998            
71680.649  831.70001            
71770.578  831.70001            
71860.496  832.70001            
71950.401  830.5            
72040.294  829.70001            
72130.175  833.29999            
72220.044  829.40002            
72309.901  832.09998            
72399.746  831.5            
72489.578  827.79999            
72579.398  828.20001            
72669.207  828.79999            
72759.003  827.90002            
72848.787  827.79999            
72938.559  829.29999            
73028.318  828.40002            
73118.066  828.09998            
73207.801  831.20001            
73297.525  830.5            
73387.236  830.40002            
73476.935  829.79999            
73566.622  827.70001            
73656.297  826.20001            
73745.96  829.90002            
73835.61  828.90002            
73925.249  832.09998            
74014.875  831            
74104.489  828.90002            
74194.092  829.09998            
74283.682  828.40002            
74373.26  827.29999            
74462.826  827.29999            
74552.379  828            
74641.921  828.70001            
74731.451  829.29999            
74820.968  828.70001            
74910.473  828.29999            
74999.967  827            
75089.448  828.59998            
75178.917  827.40002            
75268.374  827.70001            
75357.819  826.59998            
75447.252  826.59998            
75536.672  827.5            
75626.081  827.29999            
75715.478  827.20001            
75804.862  829            
75894.234  826.40002            
75983.595  825.40002            
76072.943  827.5            
76162.279  828.09998            
76251.603  826            
76340.915  824.90002            
76430.215  829.09998            
76519.503  823.90002            
76608.779  825.59998            
76698.042  827            
76787.294  827.40002            
76876.534  823.5            
76965.761  827.09998            
77054.976  825.90002            
77144.18  826.20001            
77233.371  825.09998            
77322.55  826.70001            
77411.718  823.90002            
77500.873  825.20001            
77590.016  826.79999            
77679.147  827.40002            
77768.266  826.70001            
77857.373  826.29999            
77946.468  824.20001            
78035.55  825.70001            
78124.621  821.90002            
78213.68  823.29999            
78302.727  826.79999            
78391.761  826.5            
78480.784  826.59998            
78569.794  827.09998            
78658.793  825.09998            
78747.779  823.09998            
78836.754  824.59998            
78925.716  824.59998            
79014.666  825.20001            
79103.605  826.20001            
79192.531  827.40002            
79281.445  823.79999            
79370.348  824.09998            
79459.238  824.29999            
79548.116  825            
79636.982  827.20001            
79725.836  824.09998            
79814.678  822.90002            
79903.508  824.40002            
79992.327  823            
80081.133  822.70001            
80169.927  824.09998            
80258.709  823            
80347.479  822.5            
80436.237  821.59998            
80524.983  822.59998            
80613.717  823.40002            
80702.439  822.59998            
80791.148  822.29999            
80879.846  822.5            
80968.532  821.59998            
81057.206  821.5            
81145.868  825.5            
81234.518  822.20001            
81323.156  823.5            
81411.782  824.29999            
81500.396  824.59998            
81588.998  824.5            
81677.588  825.29999            
81766.166  823.5            
81854.732  823.90002            
81943.286  821.40002            
82031.828  823            
82120.358  824.5            
82208.876  825.70001            
82297.382  824.09998            
82385.876  824.59998            
82474.358  821.5            
82562.828  824.5            
82651.286  823.79999            
82739.732  823.40002            
82828.167  826.90002            
82916.589  824.5            
83004.999  823.5            
83093.397  823.09998            
83181.783  824.09998            
83270.158  823.5            
83358.52  824.29999            
83446.87  821.70001            
83535.209  820.40002            
83623.535  819.5            
83711.85  823.59998            
83800.152  823.59998            
83888.443  819.5            
83976.721  822.90002            
84064.988  823.70001            
84153.243  822.5            
84241.486  821.70001            
84329.716  821.90002            
84417.935  821.29999            
84506.142  819.79999            
84594.337  820.90002            
84682.52  820.79999            
84770.691  819.5            
84858.85  820.79999            
84946.997  818.90002            
85035.132  816.70001            
85123.256  819.09998            
85211.367  818.90002            
85299.466  820.90002            
85387.554  822.90002            
85475.629  819.70001            
85563.693  820.5            
85651.745  821.09998            
85739.784  819.20001            
85827.812  822.5            
85915.828  822.70001            
86003.832  821.20001            
86091.824  819.70001            
86179.804  819.90002            
86267.772  819.5            
86355.728  819.20001            
86443.673  822.20001            
86531.605  819.90002            
86619.526  821.70001            
86707.434  821.70001            
86795.331  821.40002            
86883.216  821.59998            
86971.088  822.20001            
87058.949  820.40002            
87146.798  819.5            
87234.635  821.40002            
87322.461  821.79999            
87410.274  820.90002            
87498.075  817.90002            
87585.865  820.20001            
87673.642  820.40002            
87761.408  822.40002            
87849.162  821.20001            
87936.904  819.70001            
88024.634  818.5            
88112.352  823.09998            
88200.058  821.59998            
88287.752  821.5            
88375.435  818.29999            
88463.105  824.09998            
88550.764  818            
88638.411  820.29999            
88726.046  820.5            
88813.669  817.70001            
88901.28  818            
88988.879  819            
89076.466  818.40002            
89164.042  817.90002            
89251.605  817.70001            
89339.157  818.29999            
89426.697  819.90002            
89514.225  820.40002            
89601.741  820.79999            
89689.245  818.29999            
89776.738  818.29999            
89864.218  821.40002            
89951.687  820.29999            
90039.143  818.09998            
90126.588  817.40002            
90214.021  817.90002            
90301.443  818.5            
90388.852  818.29999            
90476.249  818            
90563.635  818.20001            
90651.009  817.5            
90738.371  819.29999            
90825.721  819.70001            
90913.059  818.90002            
91000.385  818.90002            
91087.7  819.40002            
91175.002  821.79999            
91262.293  821.20001            
91349.572  820.90002            
91436.839  820.09998            
91524.094  816.5            
91611.338  817.79999            
91698.569  817.90002            
91785.789  820.5            
91872.997  821.70001            
91960.193  817.70001            
92047.377  818.29999            
92134.55  819.09998            
