15.26             
x       y           
[m<sup>-1</sup>]     [CCD cts]         
8430.2943  787.29999            
8528.705  786.59998            
8627.1025  787.40002            
8725.487  787.09998            
8823.8583  786.90002            
8922.2166  786.70001            
9020.5617  787.40002            
9118.8937  787.29999            
9217.2127  787.09998            
9315.5185  787.20001            
9413.8113  787.20001            
9512.0909  787.29999            
9610.3575  788.70001            
9708.6109  788.79999            
9806.8513  789.79999            
9905.0786  792.20001            
10003.293  797.20001            
10101.494  807.70001            
10199.682  826.5            
10297.857  855.70001            
10396.019  889.40002            
10494.168  917.59998            
10592.303  933            
10690.426  925.59998            
10788.536  914.29999            
10886.632  901.09998            
10984.715  891.59998            
11082.786  897            
11180.843  892            
11278.887  890.40002            
11376.918  895.59998            
11474.937  899.59998            
11572.942  906            
11670.934  913.79999            
11768.912  924.20001            
11866.878  925.40002            
11964.831  928.90002            
12062.771  928.09998            
12160.698  930.79999            
12258.611  925.20001            
12356.512  917.59998            
12454.399  912.5            
12552.274  911.59998            
12650.135  907.09998            
12747.984  903            
12845.819  902.90002            
12943.641  902.59998            
13041.451  904.90002            
13139.247  903.79999            
13237.03  902.79999            
13334.8  895.5            
13432.557  899.40002            
13530.301  899.59998            
13628.032  908.5            
13725.75  905.29999            
13823.455  904.59998            
13921.147  907.5            
14018.826  909.59998            
14116.492  909.09998            
14214.145  912.09998            
14311.785  909.79999            
14409.412  913.90002            
14507.026  915.20001            
14604.627  919.20001            
14702.214  920            
14799.789  925.5            
14897.351  931            
14994.9  939.59998            
15092.435  939.20001            
15189.958  928.79999            
15287.468  929.20001            
15384.965  927.90002            
15482.448  915.70001            
15579.919  912.79999            
15677.377  914.09998            
15774.822  899.79999            
15872.253  896.29999            
15969.672  893.29999            
16067.078  895.5            
16164.471  891.09998            
16261.85  890.20001            
16359.217  889.20001            
16456.571  888.29999            
16553.912  889.5            
16651.24  884.29999            
16748.554  882.70001            
16845.856  881            
16943.145  882.09998            
17040.421  882.40002            
17137.684  879.70001            
17234.934  883.29999            
17332.171  879.70001            
17429.395  880.09998            
17526.606  881.70001            
17623.804  880.5            
17720.989  880.70001            
17818.161  875.90002            
17915.32  876.90002            
18012.466  877.40002            
18109.6  877.5            
18206.72  876.20001            
18303.827  878.09998            
18400.921  881            
18498.003  883.5            
18595.071  879.59998            
18692.127  881            
18789.169  878.5            
18886.199  882.90002            
18983.215  882.59998            
19080.219  878.70001            
19177.21  879.79999            
19274.187  881.59998            
19371.152  886.40002            
19468.104  886.59998            
19565.043  889.90002            
19661.969  885.40002            
19758.882  884.70001            
19855.782  881.79999            
19952.669  883.79999            
20049.544  881.59998            
20146.405  881.59998            
20243.253  884.5            
20340.089  884.70001            
20436.911  885.79999            
20533.721  890.09998            
20630.517  889.70001            
20727.301  887.5            
20824.072  885.5            
20920.83  879.40002            
21017.575  886.20001            
21114.307  891.79999            
21211.026  890.20001            
21307.732  892            
21404.426  894.90002            
21501.106  899.70001            
21597.774  898.09998            
21694.428  893            
21791.07  898.70001            
21887.699  893.20001            
21984.314  893.59998            
22080.917  890.59998            
22177.507  890.79999            
22274.085  889.70001            
22370.649  886.09998            
22467.2  883.40002            
22563.739  878.20001            
22660.264  876.40002            
22756.777  877            
22853.277  875.90002            
22949.764  868.79999            
23046.238  867.40002            
23142.699  865.70001            
23239.147  866.09998            
23335.582  865.59998            
23432.005  865.90002            
23528.414  867.59998            
23624.811  863.70001            
23721.195  865.20001            
23817.566  863            
23913.924  861.79999            
24010.269  859.90002            
24106.601  857            
24202.921  858.09998            
24299.227  857.90002            
24395.521  857.40002            
24491.802  854.5            
24588.07  857.5            
24684.325  856.09998            
24780.567  854.90002            
24876.797  850.59998            
24973.013  854            
25069.217  854.90002            
25165.408  850.20001            
25261.586  851.79999            
25357.751  851.09998            
25453.903  851.70001            
25550.043  853.70001            
25646.169  853.09998            
25742.283  852.79999            
25838.384  851.20001            
25934.472  853.5            
26030.547  850.79999            
26126.609  852.90002            
26222.659  850.59998            
26318.695  847.40002            
26414.719  852.70001            
26510.73  848.20001            
26606.728  845.09998            
26702.714  849.40002            
26798.686  849.09998            
26894.646  847.20001            
26990.592  847.40002            
27086.526  849            
27182.448  847.29999            
27278.356  850.79999            
27374.251  849.5            
27470.134  847.59998            
27566.004  844.90002            
27661.861  847.5            
27757.705  848.70001            
27853.537  848.79999            
27949.355  848.59998            
28045.161  846.29999            
28140.954  846.20001            
28236.734  848.20001            
28332.502  846.79999            
28428.256  848.29999            
28523.998  847            
28619.727  849.29999            
28715.443  849.29999            
28811.146  849.40002            
28906.837  848.29999            
29002.515  845.5            
29098.18  847.09998            
29193.832  848.5            
29289.471  849.20001            
29385.098  847.40002            
29480.711  847.40002            
29576.312  845.20001            
29671.901  849.40002            
29767.476  849.09998            
29863.039  848.20001            
29958.588  846.40002            
30054.126  847.09998            
30149.65  846.20001            
30245.161  847.79999            
30340.66  849.09998            
30436.146  849.5            
30531.619  848.90002            
30627.079  847            
30722.527  850.70001            
30817.962  848.40002            
30913.384  846.59998            
31008.793  844.59998            
31104.19  845.70001            
31199.574  846.40002            
31294.945  846.59998            
31390.303  847.70001            
31485.648  848.20001            
31580.981  847.20001            
31676.301  847.59998            
31771.608  848.5            
31866.903  847.29999            
31962.184  847.40002            
32057.453  848.09998            
32152.71  846.40002            
32247.953  846.70001            
32343.184  845.5            
32438.402  846.20001            
32533.607  847.29999            
32628.799  848.29999            
32723.979  849.20001            
32819.146  848.20001            
32914.3  848.59998            
33009.442  850.40002            
33104.571  850.40002            
33199.687  850.40002            
33294.79  849.20001            
33389.881  849.29999            
33484.958  846.29999            
33580.024  846.09998            
33675.076  845.90002            
33770.116  846.40002            
33865.142  845.20001            
33960.157  848.09998            
34055.158  848.40002            
34150.147  846.29999            
34245.123  844.40002            
34340.086  846.20001            
34435.037  846.29999            
34529.975  845.5            
34624.9  846.20001            
34719.813  845.29999            
34814.712  848.09998            
34909.599  846.20001            
35004.474  845.59998            
35099.335  844.79999            
35194.184  846.70001            
35289.021  847.40002            
35383.844  848.59998            
35478.655  849.29999            
35573.453  845.20001            
35668.238  843.40002            
35763.011  847.40002            
35857.771  847.20001            
35952.519  849.5            
36047.253  848.09998            
36141.975  848.90002            
36236.685  845.5            
36331.381  845.5            
36426.065  844.09998            
36520.736  849.20001            
36615.395  848.40002            
36710.041  845.29999            
36804.674  845.5            
36899.294  845.20001            
36993.902  843.5            
37088.497  851.70001            
37183.08  846.59998            
37277.65  846.20001            
37372.207  846.09998            
37466.751  848            
37561.283  845.90002            
37655.802  849.70001            
37750.309  848.09998            
37844.802  849.90002            
37939.284  851.09998            
38033.752  848.5            
38128.208  848.59998            
38222.651  847.59998            
38317.081  849            
38411.499  849.20001            
38505.904  850.79999            
38600.297  848.90002            
38694.677  849.29999            
38789.044  845.90002            
38883.399  848.20001            
38977.741  852.40002            
39072.07  849            
39166.387  848.5            
39260.691  849.29999            
39354.982  846.20001            
39449.261  845.5            
39543.527  849.40002            
39637.78  851.40002            
39732.021  848.29999            
39826.249  849.20001            
39920.465  851.09998            
40014.668  853.09998            
40108.858  850.90002            
40203.036  852.70001            
40297.201  847.70001            
40391.353  851.90002            
40485.493  852.5            
40579.62  853.79999            
40673.735  848.79999            
40767.836  852.59998            
40861.926  854.79999            
40956.002  855            
41050.066  855.90002            
41144.118  854.29999            
41238.157  855.40002            
41332.183  855.29999            
41426.197  856.79999            
41520.198  854.90002            
41614.186  856.40002            
41708.162  852.90002            
41802.125  857.5            
41896.076  857.09998            
41990.014  853.09998            
42083.939  850.5            
42177.852  853.5            
42271.752  855.5            
42365.64  856.20001            
42459.515  855.70001            
42553.377  854.09998            
42647.227  855            
42741.064  854.79999            
42834.889  857.5            
42928.701  854.09998            
43022.5  855.09998            
43116.287  854.70001            
43210.061  853.40002            
43303.823  855.20001            
43397.572  856.40002            
43491.309  859.20001            
43585.033  857.29999            
43678.744  854.70001            
43772.443  853.90002            
43866.129  857.09998            
43959.803  854.79999            
44053.464  856.70001            
44147.113  853.29999            
44240.749  852.90002            
44334.372  853.79999            
44427.983  852.09998            
44521.581  855.29999            
44615.167  851.29999            
44708.74  854.29999            
44802.301  854.20001            
44895.849  856.09998            
44989.384  853.29999            
45082.907  854.59998            
45176.418  855.79999            
45269.916  854.79999            
45363.401  854.40002            
45456.874  857            
45550.334  853.70001            
45643.781  853.29999            
45737.217  854.70001            
45830.639  852.20001            
45924.049  854.59998            
46017.447  853.20001            
46110.832  854            
46204.204  855.40002            
46297.564  853.79999            
46390.911  856.70001            
46484.246  855.70001            
46577.568  856.90002            
46670.878  857.70001            
46764.175  855            
46857.46  855.5            
46950.732  857.20001            
47043.992  858            
47137.239  858.29999            
47230.474  857.90002            
47323.696  857.20001            
47416.905  855.29999            
47510.102  855.70001            
47603.287  856.29999            
47696.459  858.20001            
47789.618  858.59998            
47882.765  859.5            
47975.9  861.09998            
48069.022  861.59998            
48162.131  862.09998            
48255.228  860.20001            
48348.313  860.59998            
48441.385  860.20001            
48534.444  865.70001            
48627.491  862.90002            
48720.525  863.20001            
48813.547  863.29999            
48906.557  863.70001            
48999.554  862.5            
49092.538  862.29999            
49185.51  867.90002            
49278.47  868.29999            
49371.417  864.09998            
49464.351  866.5            
49557.273  866.70001            
49650.183  866.29999            
49743.08  867.40002            
49835.964  867.90002            
49928.836  866.70001            
50021.696  870.20001            
50114.543  865.29999            
50207.378  865.59998            
50300.2  867.09998            
50393.01  872.90002            
50485.807  872.79999            
50578.592  866.29999            
50671.364  867            
50764.124  863.79999            
50856.871  869.5            
50949.606  871.59998            
51042.329  871.40002            
51135.039  870.70001            
51227.736  876.09998            
51320.421  876.20001            
51413.094  875.5            
51505.754  879            
51598.402  878.29999            
51691.037  877.20001            
51783.66  871.5            
51876.27  872.5            
51968.868  873.59998            
52061.453  874.70001            
52154.026  877.20001            
52246.587  877.5            
52339.135  874.40002            
52431.671  881.79999            
52524.194  877.20001            
52616.705  878.59998            
52709.203  875.09998            
52801.689  876.40002            
52894.163  876.90002            
52986.624  882.79999            
53079.072  880.70001            
53171.508  880.70001            
53263.932  881.5            
53356.343  880            
53448.742  880.59998            
53541.129  878            
53633.503  875.5            
53725.864  877.79999            
53818.214  875.20001            
53910.55  879.79999            
54002.875  881.29999            
54095.187  878.59998            
54187.486  876.90002            
54279.773  876.90002            
54372.048  875.40002            
54464.31  877.59998            
54556.56  877.79999            
54648.798  874.70001            
54741.023  876            
54833.236  879.70001            
54925.436  875.59998            
55017.624  874.90002            
55109.799  871.79999            
55201.962  873.40002            
55294.113  872.5            
55386.251  870.90002            
55478.377  873.59998            
55570.491  873.90002            
55662.592  877.70001            
55754.68  872.59998            
55846.757  871.90002            
55938.821  873.29999            
56030.872  871.20001            
56122.911  869.59998            
56214.938  876.70001            
56306.952  871.79999            
56398.954  875.29999            
56490.944  875.90002            
56582.921  875.20001            
56674.886  873.40002            
56766.839  872.5            
56858.779  873.5            
56950.706  875.79999            
57042.622  877.09998            
57134.525  879.90002            
57226.415  875.09998            
57318.294  875.79999            
57410.159  872.40002            
57502.013  872.40002            
57593.854  874.40002            
57685.683  876.20001            
57777.499  872.70001            
57869.304  871.70001            
57961.095  875.09998            
58052.875  872.5            
58144.642  875.09998            
58236.396  877.20001            
58328.139  878.79999            
58419.869  879.5            
58511.586  874.29999            
58603.291  878.40002            
58694.984  880.20001            
58786.665  877.5            
58878.333  878            
58969.989  877.79999            
59061.633  877.59998            
59153.264  878.59998            
59244.883  884.20001            
59336.489  877.29999            
59428.083  881.29999            
59519.665  876.70001            
59611.235  874.40002            
59702.792  884.59998            
59794.337  883.40002            
59885.869  881.40002            
59977.39  883.70001            
60068.897  884.20001            
60160.393  879.59998            
60251.876  880.90002            
60343.347  882.40002            
60434.806  883.5            
60526.252  880            
60617.686  886.79999            
60709.108  887.79999            
60800.517  886.29999            
60891.914  887.20001            
60983.299  891.40002            
61074.671  893.40002            
61166.031  891.5            
61257.379  889            
61348.715  891.20001            
61440.038  891.29999            
61531.349  889.09998            
61622.647  892.40002            
61713.933  889.90002            
61805.207  894            
61896.469  891.29999            
61987.718  893.79999            
62078.956  896.5            
62170.18  897.40002            
62261.393  900.40002            
62352.593  903.09998            
62443.781  897.20001            
62534.957  898.20001            
62626.12  900.40002            
62717.271  905.90002            
62808.41  901.09998            
62899.536  899.79999            
62990.651  893.5            
63081.752  897.90002            
63172.842  906.09998            
63263.92  900.5            
63354.985  900.59998            
63446.037  902.20001            
63537.078  903.90002            
63628.106  908.5            
63719.122  910.5            
63810.126  904            
63901.118  902.59998            
63992.097  898.90002            
64083.064  900.70001            
64174.018  908.79999            
64264.961  906.59998            
64355.891  901.20001            
64446.809  905.40002            
64537.715  898.79999            
64628.608  900.20001            
64719.489  900.09998            
64810.358  902.70001            
64901.215  899.29999            
64992.059  900.59998            
65082.891  900.29999            
65173.711  894.40002            
65264.519  886.5            
65355.314  885.5            
65446.097  880.59998            
65536.868  879            
65627.627  884.20001            
65718.374  881.90002            
65809.108  878.5            
65899.83  878.5            
65990.539  876.09998            
66081.237  872.59998            
66171.922  869.5            
66262.595  868.70001            
66353.256  866.29999            
66443.905  868            
66534.541  868.20001            
66625.165  869.40002            
66715.777  867.40002            
66806.377  866.90002            
66896.964  862.20001            
66987.539  861.70001            
67078.103  862.90002            
67168.653  858.59998            
67259.192  857.20001            
67349.718  856.29999            
67440.233  857.40002            
67530.734  857            
67621.224  855.5            
67711.702  855.20001            
67802.167  853.90002            
67892.62  853.5            
67983.061  850.59998            
68073.49  855.40002            
68163.906  851.5            
68254.311  850.90002            
68344.703  852.59998            
68435.083  853            
68525.451  852.29999            
68615.806  850.90002            
68706.149  850.40002            
68796.481  852.20001            
68886.8  852.70001            
68977.106  852.40002            
69067.401  850.20001            
69157.683  849.09998            
69247.954  854            
69338.212  852.79999            
69428.457  855.5            
69518.691  854.79999            
69608.913  854.79999            
69699.122  849.59998            
69789.319  852.09998            
69879.504  849.90002            
69969.677  848            
70059.837  847.79999            
70149.986  846.79999            
70240.122  846.40002            
70330.246  846.29999            
70420.358  849.79999            
70510.458  850.09998            
70600.546  847.09998            
70690.621  849.40002            
70780.684  847.90002            
70870.735  844.40002            
70960.774  848.70001            
71050.801  843.70001            
71140.816  843            
71230.818  846.29999            
71320.809  846.90002            
71410.787  845.90002            
71500.753  850.20001            
71590.707  846            
71680.649  843.70001            
71770.578  845.5            
71860.496  846.29999            
71950.401  843.29999            
72040.294  841.79999            
72130.175  841.90002            
72220.044  843            
72309.901  845            
72399.746  842.40002            
72489.578  842.59998            
72579.398  843.70001            
72669.207  843.29999            
72759.003  840.90002            
72848.787  839.5            
72938.559  839.90002            
73028.318  843.40002            
73118.066  842.09998            
73207.801  844            
73297.525  843.29999            
73387.236  846.09998            
73476.935  842.29999            
73566.622  837.79999            
73656.297  840.79999            
73745.96  842.5            
73835.61  843.79999            
73925.249  842.70001            
74014.875  843.29999            
74104.489  843.79999            
74194.092  843.90002            
74283.682  841.79999            
74373.26  841.59998            
74462.826  838.20001            
74552.379  838.29999            
74641.921  840.5            
74731.451  840.20001            
74820.968  840.70001            
74910.473  840.90002            
74999.967  837.29999            
75089.448  838            
75178.917  840.09998            
75268.374  837.40002            
75357.819  836.59998            
75447.252  840            
75536.672  838.59998            
75626.081  838.20001            
75715.478  839            
75804.862  836.5            
75894.234  837.79999            
75983.595  837.20001            
76072.943  838.5            
76162.279  839            
76251.603  837            
76340.915  837.79999            
76430.215  836            
76519.503  837.79999            
76608.779  833.29999            
76698.042  835            
76787.294  838.59998            
76876.534  837.29999            
76965.761  834.5            
77054.976  836.29999            
77144.18  837.09998            
77233.371  837.20001            
77322.55  833.90002            
77411.718  834.09998            
77500.873  835.20001            
77590.016  837.09998            
77679.147  838.70001            
77768.266  837.79999            
77857.373  835.20001            
77946.468  835.20001            
78035.55  839.5            
78124.621  835.90002            
78213.68  838            
78302.727  835            
78391.761  836.59998            
78480.784  837            
78569.794  834.29999            
78658.793  834.90002            
78747.779  834.90002            
78836.754  833.90002            
78925.716  838.5            
79014.666  834.5            
79103.605  837.40002            
79192.531  835            
79281.445  835.90002            
79370.348  837.59998            
79459.238  832.29999            
79548.116  835.79999            
79636.982  837.5            
79725.836  837.70001            
79814.678  834.09998            
79903.508  834            
79992.327  831.20001            
80081.133  834.5            
80169.927  833.09998            
80258.709  834            
80347.479  833.40002            
80436.237  831.79999            
80524.983  831.70001            
80613.717  834.70001            
80702.439  832.09998            
80791.148  832            
80879.846  831.20001            
80968.532  831.5            
81057.206  833.29999            
81145.868  835.59998            
81234.518  832.70001            
81323.156  831.79999            
81411.782  834            
81500.396  831.59998            
81588.998  832            
81677.588  835.40002            
81766.166  833.40002            
81854.732  833.70001            
81943.286  833            
82031.828  834            
82120.358  833.59998            
82208.876  832.79999            
82297.382  836.40002            
82385.876  833.70001            
82474.358  832.09998            
82562.828  829.90002            
82651.286  835            
82739.732  832.70001            
82828.167  837.79999            
82916.589  832            
83004.999  830.40002            
83093.397  831.59998            
83181.783  833.90002            
83270.158  836            
83358.52  833.09998            
83446.87  833.40002            
83535.209  831.29999            
83623.535  831.5            
83711.85  832.59998            
83800.152  835.59998            
83888.443  832.90002            
83976.721  832.40002            
84064.988  831.79999            
84153.243  832.5            
84241.486  830.90002            
84329.716  831.40002            
84417.935  832.5            
84506.142  830.5            
84594.337  830.59998            
84682.52  829.5            
84770.691  827.59998            
84858.85  828.40002            
84946.997  827.79999            
85035.132  827.79999            
85123.256  828.70001            
85211.367  826            
85299.466  829.79999            
85387.554  829.5            
85475.629  829.59998            
85563.693  828.29999            
85651.745  827.79999            
85739.784  830.59998            
85827.812  830.20001            
85915.828  826.90002            
86003.832  825.70001            
86091.824  826.90002            
86179.804  825.79999            
86267.772  827            
86355.728  827.29999            
86443.673  829.59998            
86531.605  829            
86619.526  830            
86707.434  827.09998            
86795.331  828.90002            
86883.216  829.70001            
86971.088  828.70001            
87058.949  831            
87146.798  829.90002            
87234.635  828.09998            
87322.461  829.59998            
87410.274  828.90002            
87498.075  826.90002            
87585.865  828.09998            
87673.642  828.09998            
87761.408  830            
87849.162  830.40002            
87936.904  826.59998            
88024.634  828            
88112.352  827.90002            
88200.058  827.79999            
88287.752  827.59998            
88375.435  828.70001            
88463.105  831.29999            
88550.764  826.29999            
88638.411  826.90002            
88726.046  827            
88813.669  828.29999            
88901.28  827.29999            
88988.879  825.20001            
89076.466  823.59998            
89164.042  824.20001            
89251.605  826.70001            
89339.157  824.5            
89426.697  824.59998            
89514.225  825.90002            
89601.741  828.09998            
89689.245  825.90002            
89776.738  826.70001            
89864.218  827.59998            
89951.687  826.70001            
90039.143  826.90002            
90126.588  825.09998            
90214.021  824.70001            
90301.443  826            
90388.852  825.40002            
