9.34 22-34 2 min cool 34-22 no cool             
x       y           
[m<sup>-1</sup>]     [CCD cts]         
8439.022  786.59998            
8537.3352  785.79999            
8635.6352  785.79999            
8733.9221  786.70001            
8832.1959  786.29999            
8930.4566  786            
9028.7042  786.40002            
9126.9386  787.09998            
9225.1599  787            
9323.3681  787.5            
9421.5631  788.70001            
9519.745  788.79999            
9617.9139  793.09998            
9716.0696  793.20001            
9814.2122  798.09998            
9912.3416  808.59998            
10010.458  826.5            
10108.561  860.59998            
10206.651  927.70001            
10304.728  1031.1            
10402.792  1157            
10500.843  1262.1            
10598.881  1298.5            
10696.906  1274.3            
10794.917  1225.5            
10892.916  1188.4            
10990.901  1179.2            
11088.873  1171.1            
11186.832  1173.8            
11284.778  1185.9            
11382.711  1190.4            
11480.631  1205.9            
11578.538  1245.3            
11676.432  1280.7            
11774.312  1286.7            
11872.18  1287            
11970.034  1305.7            
12067.876  1320.4            
12165.704  1309.9            
12263.519  1303.1            
12361.322  1282.5            
12459.111  1256.8            
12556.887  1250.2            
12654.65  1251.4            
12752.399  1259            
12850.136  1266.3            
12947.86  1254.9            
13045.571  1244.1            
13143.268  1230.8            
13240.953  1229.2            
13338.624  1222.3            
13436.283  1233.3            
13533.928  1235.5            
13631.56  1224.2            
13729.18  1223.9            
13826.786  1224.3            
13924.379  1226.1            
14021.959  1225.8            
14119.526  1231.4            
14217.08  1256.4            
14314.621  1255.1            
14412.149  1245.3            
14509.664  1227.5            
14607.166  1251.1            
14704.655  1261            
14802.13  1282.7            
14899.593  1286.5            
14997.043  1292.6            
15094.479  1278.9            
15191.903  1273.6            
15289.314  1273.6            
15386.711  1270.5            
15484.096  1253.5            
15581.467  1240.5            
15678.826  1221.7            
15776.171  1212.1            
15873.504  1219            
15970.823  1200            
16068.13  1181.7            
16165.423  1182.4            
16262.703  1184            
16359.971  1186.3            
16457.225  1173.6            
16554.466  1174.5            
16651.695  1166.5            
16748.91  1168            
16846.112  1165.2            
16943.302  1163.5            
17040.478  1158.1            
17137.641  1170.3            
17234.792  1159.7            
17331.929  1148.5            
17429.053  1143.7            
17526.165  1146.5            
17623.263  1149.4            
17720.348  1140.4            
17817.42  1133.2            
17914.48  1128.9            
18011.526  1134.2            
18108.56  1149.4            
18205.58  1152.5            
18302.587  1143.1            
18399.582  1125.5            
18496.563  1135.8            
18593.532  1140            
18690.487  1135.6            
18787.43  1128            
18884.359  1131.9            
18981.276  1137.9            
19078.179  1138.9            
19175.07  1142            
19271.947  1158.2            
19368.812  1147.7            
19465.664  1141.5            
19562.503  1144.7            
19659.328  1146.6            
19756.141  1154.6            
19852.941  1161.9            
19949.728  1164.1            
20046.502  1174.6            
20143.263  1166.6            
20240.011  1160.6            
20336.746  1161.1            
20433.468  1162.9            
20530.177  1154.1            
20626.873  1159            
20723.557  1171.3            
20820.227  1166.9            
20916.884  1163.3            
21013.529  1152.4            
21110.16  1152.9            
21206.779  1168.2            
21303.384  1182.5            
21399.977  1183.9            
21496.557  1179.7            
21593.124  1172.7            
21689.677  1198.3            
21786.218  1207            
21882.746  1174.7            
21979.261  1165.2            
22075.764  1165.4            
22172.253  1159.9            
22268.729  1152.9            
22365.193  1150.8            
22461.643  1142.5            
22558.081  1141.7            
22654.505  1130.7            
22750.917  1131.7            
22847.316  1128.9            
22943.702  1117.7            
23040.075  1120.6            
23136.435  1110.2            
23232.782  1099.5            
23329.116  1093.8            
23425.437  1086.7            
23521.746  1078.9            
23618.041  1077.7            
23714.324  1077.9            
23810.594  1086.4            
23906.85  1078.4            
24003.094  1073.4            
24099.325  1066.2            
24195.544  1070.8            
24291.749  1069.1            
24387.941  1065.5            
24484.121  1065.7            
24580.287  1069.2            
24676.441  1070.2            
24772.582  1052.9            
24868.71  1043.8            
24964.825  1055.1            
25060.927  1062.2            
25157.016  1063.8            
25253.092  1060.4            
25349.156  1058.9            
25445.207  1046.7            
25541.244  1043.5            
25637.269  1042.5            
25733.281  1038.9            
25829.281  1042.6            
25925.267  1041            
26021.24  1040.6            
26117.201  1043.2            
26213.148  1037.4            
26309.083  1037.4            
26405.005  1037.6            
26500.914  1027.1            
26596.811  1028.2            
26692.694  1038.8            
26788.565  1037.7            
26884.422  1027.7            
26980.267  1028.4            
27076.099  1037.6            
27171.918  1040.1            
27267.725  1035.5            
27363.518  1033.6            
27459.299  1040            
27555.066  1047            
27650.821  1040.4            
27746.563  1038.3            
27842.293  1029.3            
27938.009  1034            
28033.713  1040.2            
28129.403  1039.7            
28225.081  1033.1            
28320.746  1027.1            
28416.399  1025.5            
28512.038  1032            
28607.665  1033.5            
28703.278  1030.5            
28798.879  1047.4            
28894.467  1048.9            
28990.043  1038.5            
29085.605  1032.6            
29181.155  1040.9            
29276.692  1035            
29372.216  1033.1            
29467.727  1032.2            
29563.225  1029.5            
29658.711  1027.5            
29754.184  1035.6            
29849.644  1041.7            
29945.091  1034.9            
30040.525  1036.8            
30135.947  1031.1            
30231.355  1027.2            
30326.751  1030.6            
30422.134  1029.1            
30517.505  1032.7            
30612.862  1041.6            
30708.207  1041.9            
30803.539  1048.6            
30898.858  1041.2            
30994.165  1048.9            
31089.458  1046.5            
31184.739  1045            
31280.007  1045.1            
31375.262  1047.3            
31470.505  1053            
31565.734  1045.6            
31660.951  1046.2            
31756.156  1045            
31851.347  1043.8            
31946.525  1043.3            
32041.691  1032.6            
32136.844  1039.6            
32231.984  1045.9            
32327.112  1037.7            
32422.227  1037.4            
32517.329  1035.8            
32612.418  1037.7            
32707.494  1041.4            
32802.558  1037.2            
32897.609  1026.9            
32992.647  1028.8            
33087.672  1020.6            
33182.685  1020.5            
33277.685  1022.4            
33372.672  1022.1            
33467.646  1021.8            
33562.608  1025.6            
33657.557  1020            
33752.493  1020.2            
33847.416  1018.8            
33942.327  1015.1            
34037.224  1021.6            
34132.11  1023.8            
34226.982  1029.5            
34321.842  1025.7            
34416.689  1029.4            
34511.523  1025.7            
34606.344  1020.3            
34701.153  1023.8            
34795.949  1019.8            
34890.732  1017.8            
34985.503  1029.5            
35080.26  1023            
35175.005  1025.6            
35269.738  1029.7            
35364.457  1021.8            
35459.164  1023.9            
35553.858  1027.3            
35648.54  1041.6            
35743.208  1043            
35837.865  1039.6            
35932.508  1029.8            
36027.138  1034            
36121.756  1022.2            
36216.361  1026.5            
36310.954  1033.6            
36405.534  1040.4            
36500.101  1024.4            
36594.655  1025.8            
36689.197  1026.9            
36783.726  1035.6            
36878.242  1039.6            
36972.745  1036.1            
37067.236  1035.8            
37161.714  1032.7            
37256.18  1032.1            
37350.632  1033            
37445.072  1039.9            
37539.5  1039.7            
37633.915  1041.1            
37728.316  1039.2            
37822.706  1038.3            
37917.082  1035            
38011.446  1023.4            
38105.798  1031.3            
38200.136  1032.2            
38294.462  1025.9            
38388.775  1026.7            
38483.076  1027.7            
38577.364  1022.6            
38671.639  1023.6            
38765.901  1028.3            
38860.151  1029.7            
38954.388  1031.2            
39048.613  1037            
39142.825  1041.5            
39237.024  1042.1            
39331.211  1029.9            
39425.384  1026.3            
39519.546  1026.3            
39613.694  1028.2            
39707.83  1029.6            
39801.953  1032.2            
39896.064  1040.3            
39990.162  1042            
40084.247  1033.2            
40178.32  1034.7            
40272.38  1041.5            
40366.427  1043.2            
40460.462  1046.7            
40554.484  1050.4            
40648.493  1048.1            
40742.49  1041.2            
40836.474  1038.2            
40930.446  1039.4            
41024.404  1035.1            
41118.351  1037.3            
41212.284  1039.8            
41306.205  1044            
41400.113  1055.1            
41494.009  1054            
41587.892  1048.5            
41681.763  1048.6            
41775.62  1049.7            
41869.466  1042.9            
41963.298  1039.7            
42057.118  1047.7            
42150.925  1042.4            
42244.72  1040.4            
42338.502  1034.1            
42432.272  1043.8            
42526.029  1048.2            
42619.773  1051.7            
42713.504  1044            
42807.223  1045.3            
42900.93  1041.2            
42994.624  1041            
43088.305  1043.9            
43181.973  1038.8            
43275.629  1040.5            
43369.273  1043.6            
43462.904  1045.2            
43556.522  1047.3            
43650.127  1040.9            
43743.72  1040.3            
43837.301  1023.6            
43930.869  1031.6            
44024.424  1037.3            
44117.967  1040.4            
44211.497  1041.5            
44305.014  1040.9            
44398.519  1055.4            
44492.011  1053.3            
44585.491  1039.4            
44678.958  1036.4            
44772.413  1038.6            
44865.855  1036.5            
44959.284  1052.5            
45052.701  1052.6            
45146.105  1039.7            
45239.497  1034.4            
45332.876  1032.5            
45426.243  1042.5            
45519.597  1037.6            
45612.938  1035.2            
45706.267  1035.5            
45799.583  1037.1            
45892.887  1035.9            
45986.178  1031.9            
46079.457  1040.3            
46172.723  1042.9            
46265.976  1049.8            
46359.217  1051.2            
46452.445  1054.3            
46545.661  1051.1            
46638.865  1050.4            
46732.055  1051.3            
46825.233  1048.2            
46918.399  1052.6            
47011.552  1045.5            
47104.693  1041.7            
47197.821  1047.3            
47290.936  1053.9            
47384.039  1056.3            
47477.13  1067.9            
47570.207  1072.7            
47663.273  1064.2            
47756.325  1057.7            
47849.366  1068.1            
47942.393  1074.1            
48035.409  1064.4            
48128.411  1058.3            
48221.401  1064.4            
48314.379  1073.5            
48407.344  1062.2            
48500.297  1066.4            
48593.237  1078.9            
48686.164  1072.7            
48779.079  1064.1            
48871.982  1070.7            
48964.872  1076.1            
49057.749  1079.6            
49150.614  1079.3            
49243.467  1088.5            
49336.307  1091.2            
49429.134  1085            
49521.949  1088            
49614.751  1102.7            
49707.541  1089.2            
49800.319  1085.9            
49893.084  1086.9            
49985.836  1101.6            
50078.576  1094.2            
50171.303  1092.8            
50264.018  1095.1            
50356.721  1084.2            
50449.411  1084.1            
50542.088  1094.1            
50634.753  1102.2            
50727.406  1100.1            
50820.046  1101            
50912.673  1105.1            
51005.288  1114.2            
51097.891  1111.9            
51190.481  1105            
51283.058  1097.8            
51375.623  1085.9            
51468.176  1099.7            
51560.716  1105.2            
51653.244  1114            
51745.759  1115.2            
51838.262  1110.1            
51930.752  1108.5            
52023.23  1102.5            
52115.695  1103.3            
52208.148  1110.1            
52300.589  1116.4            
52393.016  1113.3            
52485.432  1117.3            
52577.835  1130            
52670.226  1126            
52762.604  1121.1            
52854.969  1115.3            
52947.323  1101.7            
53039.663  1110.5            
53131.992  1127.3            
53224.307  1119.8            
53316.611  1113.7            
53408.902  1102.1            
53501.18  1110.4            
53593.446  1120            
53685.7  1120            
53777.941  1115.2            
53870.17  1107.9            
53962.386  1105.3            
54054.59  1116.3            
54146.782  1127.1            
54238.961  1115.9            
54331.127  1105.5            
54423.281  1103.9            
54515.423  1104.1            
54607.552  1107.7            
54699.669  1104.4            
54791.774  1097.2            
54883.866  1095.7            
54975.945  1092.6            
55068.012  1090.6            
55160.067  1097.9            
55252.109  1103.9            
55344.139  1102.8            
55436.157  1097.8            
55528.162  1100.5            
55620.155  1101.9            
55712.135  1096.8            
55804.103  1110.8            
55896.058  1114.5            
55988.001  1105.1            
56079.932  1097.8            
56171.85  1100.6            
56263.756  1101.6            
56355.649  1109.3            
56447.53  1107.6            
56539.399  1106.9            
56631.255  1115.8            
56723.099  1115            
56814.93  1109.8            
56906.749  1115.3            
56998.556  1120.7            
57090.35  1108.8            
57182.132  1101.2            
57273.902  1107.3            
57365.659  1116            
57457.404  1126.2            
57549.136  1128.1            
57640.856  1125.7            
57732.563  1110.1            
57824.259  1111.6            
57915.941  1114.7            
58007.612  1128.9            
58099.27  1129.2            
58190.916  1124.1            
58282.549  1113.6            
58374.17  1118.7            
58465.779  1120.2            
58557.375  1117.7            
58648.959  1111.2            
58740.53  1116.2            
58832.089  1119.6            
58923.636  1129.5            
59015.171  1131.4            
59106.693  1138.7            
59198.202  1139.6            
59289.7  1138.2            
59381.185  1136            
59472.657  1138.4            
59564.118  1144.3            
59655.565  1144.1            
59747.001  1155            
59838.424  1145.6            
59929.835  1150.1            
60021.234  1145.8            
60112.62  1142.6            
60203.994  1149.4            
60295.355  1144            
60386.704  1141.6            
60478.041  1147.2            
60569.366  1150.3            
60660.678  1161.1            
60751.978  1161            
60843.265  1164.3            
60934.541  1153.3            
61025.803  1171.7            
61117.054  1172.1            
61208.292  1171.9            
61299.518  1175.7            
61390.732  1188.2            
61481.933  1195.3            
61573.122  1202.8            
61664.298  1189.1            
61755.463  1179.8            
61846.615  1180.3            
61937.754  1207.6            
62028.881  1197.5            
62119.996  1194            
62211.099  1215.4            
62302.19  1213.5            
62393.268  1215.5            
62484.333  1210            
62575.387  1208.4            
62666.428  1205.2            
62757.457  1209.5            
62848.474  1215            
62939.478  1215.5            
63030.47  1213.2            
63121.449  1205.2            
63212.417  1192.7            
63303.372  1203.7            
63394.315  1207.6            
63485.245  1202.6            
63576.163  1196.4            
63667.069  1202.6            
63757.963  1210.1            
63848.844  1194.2            
63939.713  1197.2            
64030.57  1212.6            
64121.415  1217.1            
64212.247  1213.6            
64303.067  1210.8            
64393.875  1203.1            
64484.67  1220.4            
64575.453  1211.2            
64666.224  1206.5            
64756.983  1207.6            
64847.729  1202.9            
64938.463  1217.9            
65029.185  1246.5            
65119.894  1252.3            
65210.591  1263.8            
65301.276  1270.7            
65391.949  1268.9            
65482.61  1262.8            
65573.258  1266.7            
65663.894  1267.3            
65754.517  1245.8            
65845.129  1227.2            
65935.728  1216.8            
66026.315  1215.4            
66116.89  1196            
66207.452  1183.5            
66298.002  1165.6            
66388.54  1164.7            
66479.066  1148            
66569.579  1137.3            
66660.08  1120.8            
66750.569  1110            
66841.046  1101            
66931.511  1095.7            
67021.963  1086.7            
67112.403  1078.7            
67202.831  1078.5            
67293.246  1077.1            
67383.65  1072.6            
67474.041  1070.2            
67564.42  1064            
67654.786  1058.5            
67745.141  1052.9            
67835.483  1048.3            
67925.813  1039            
68016.13  1035            
68106.436  1029.6            
68196.729  1034.7            
68287.01  1039.7            
68377.279  1037.7            
68467.536  1032.6            
68557.78  1024.8            
68648.013  1021.1            
68738.233  1026.9            
68828.44  1029.2            
68918.636  1028.4            
69008.819  1026.2            
69098.991  1020.6            
69189.15  1018.6            
69279.296  1026            
69369.431  1023.1            
69459.553  1021.3            
69549.664  1014            
69639.762  1017.3            
69729.848  1014.8            
69819.921  1017.8            
69909.983  1021.7            
70000.032  1014.9            
70090.069  1012.1            
70180.094  1012.3            
70270.106  999.59998            
70360.107  999.09998            
70450.095  1002.2            
70540.071  1007.8            
70630.035  997.79999            
70719.987  995.09998            
70809.927  994.70001            
70899.854  1003.7            
70989.769  1005.6            
71079.672  1000.6            
71169.563  997.5            
71259.442  994.90002            
71349.308  998            
71439.163  1004            
71529.005  1002.5            
71618.835  998.40002            
71708.653  997.70001            
71798.459  1003.9            
71888.252  1007.4            
71978.034  1007.3            
72067.803  1004.5            
72157.56  1012.1            
72247.305  1008.3            
72337.038  1008            
72426.758  1000.4            
72516.467  998.90002            
72606.163  992.09998            
72695.847  985.40002            
72785.519  987.59998            
72875.179  986.70001            
72964.827  981.59998            
73054.463  990.79999            
73144.086  981.09998            
73233.697  974.59998            
73323.297  980.29999            
73412.884  987.90002            
73502.458  992            
73592.021  989.79999            
73681.572  988.40002            
73771.11  994.20001            
73860.637  993.5            
73950.151  984.20001            
74039.653  979.90002            
74129.143  989.29999            
74218.621  990.5            
74308.087  982.59998            
74397.54  987.09998            
74486.982  989            
74576.411  979.09998            
74665.828  978.59998            
74755.234  978.29999            
74844.627  977.59998            
74934.008  976.5            
75023.376  978.70001            
75112.733  978.79999            
75202.078  980.29999            
75291.41  985.40002            
75380.73  974.09998            
75470.039  965.40002            
75559.335  974.5            
75648.619  976.5            
75737.891  977.59998            
75827.151  979.59998            
75916.398  977.09998            
76005.634  975.5            
76094.858  977.40002            
76184.069  973            
76273.269  968.40002            
76362.456  968.59998            
76451.631  973.70001            
76540.794  966.40002            
76629.945  966.79999            
76719.084  970.09998            
76808.211  965.90002            
76897.326  969.5            
76986.428  973.20001            
77075.519  965.40002            
77164.597  958.79999            
77253.664  962.5            
77342.718  961.90002            
77431.761  955.40002            
77520.791  968.5            
77609.809  966            
77698.815  965.40002            
77787.809  963.90002            
77876.791  964.59998            
77965.761  954            
78054.719  957            
78143.664  957.20001            
78232.598  953.90002            
78321.52  960.29999            
78410.429  960.09998            
78499.327  953.70001            
78588.212  955.90002            
78677.085  961.09998            
78765.947  958.5            
78854.796  963.40002            
78943.633  964.20001            
79032.458  960            
79121.272  958.20001            
79210.073  959.09998            
79298.862  961.40002            
79387.639  964.29999            
79476.404  964.59998            
79565.156  961.70001            
79653.897  962.59998            
79742.626  961.40002            
79831.343  958.70001            
79920.048  955.90002            
80008.74  955            
80097.421  957.20001            
80186.09  952.5            
80274.746  949.90002            
80363.391  953.59998            
80452.023  954.90002            
80540.644  956.40002            
80629.252  951.70001            
80717.849  952.09998            
80806.433  956.5            
80895.006  952.90002            
80983.566  950.90002            
81072.115  951.09998            
81160.651  954.5            
81249.175  951.90002            
81337.688  951.90002            
81426.188  949.5            
81514.676  955.90002            
81603.153  954.70001            
81691.617  956.20001            
81780.069  947.90002            
81868.51  954.20001            
81956.938  952.29999            
82045.354  953.70001            
82133.758  952.5            
82222.151  950.20001            
82310.531  947.09998            
82398.899  950.20001            
82487.256  948.70001            
82575.6  949.20001            
82663.932  949.40002            
82752.252  951.40002            
82840.561  954.70001            
82928.857  949            
83017.141  943.70001            
83105.414  942.20001            
83193.674  949.09998            
83281.922  951.59998            
